==================================   N = 100   ALPHA = 1   ERR2 = 0   ====================================

1.7263000653855443e-05
[0.60692206      0.40502767      0.30807507      0.24990764      0.21083255      0.18267524      0.16138226      0.14470027      0.13127146      0.12022655
 0.11098230      0.10313214      0.09638383      0.09052164      0.08538286      0.08084225      0.07680190      0.07318410      0.06992634      0.06697778
 0.06429663      0.06184814      0.05960328      0.05753756      0.05563010      0.05386309      0.05222120      0.05069111      0.04926118      0.04792127
 0.04666249      0.04547695      0.04435765      0.04329832      0.04229337      0.04133778      0.04042708      0.03955721      0.03872443      0.03792534
 0.03715689      0.03641629      0.03570094      0.03500846      0.03433665      0.03368350      0.03304714      0.03242585      0.03181798      0.03122204
 0.03063661      0.03006035      0.02949205      0.02893053      0.02837474      0.02782368      0.02727637      0.02673188      0.02618939      0.02564807
 0.02510720      0.02456606      0.02402399      0.02348039      0.02293466      0.02238627      0.02183471      0.02127952      0.02072031      0.02015666
 0.01958823      0.01901471      0.01843582      0.01785133      0.01726108      0.01666487      0.01606255      0.01545402      0.01483924      0.01421816
 0.01359079      0.01295716      0.01231738      0.01167152      0.01101972      0.01036212      0.00969894      0.00903045      0.00835689      0.00767850
 0.00699558      0.00630847      0.00561754      0.00492312      0.00422566      0.00352551      0.00282312      0.00211891      0.00141337      0.00070692     ]

==================================   N = 200   ALPHA = 1   ERR2 = 0   ====================================

2.2757398500106163e-06
[0.60663262      0.40460465      0.30752741      0.24923971      0.21004728      0.18177501      0.16036915      0.14357626      0.13003847      0.11888669
 0.10953763      0.10158486      0.09473616      0.08877595      0.08354159      0.07890809      0.07477763      0.07107259      0.06773066      0.06470104
 0.06194217      0.05941946      0.05710401      0.05497146      0.05300109      0.05117524      0.04947873      0.04789843      0.04642293      0.04504223
 0.04374755      0.04253124      0.04138641      0.04030709      0.03928788      0.03832392      0.03741087      0.03654491      0.03572246      0.03494037
 0.03419581      0.03348617      0.03280904      0.03216224      0.03154377      0.03095181      0.03038466      0.02984084      0.02931888      0.02881749
 0.02833551      0.02787179      0.02742529      0.02699498      0.02658004      0.02617963      0.02579294      0.02541925      0.02505787      0.02470818
 0.02436952      0.02404137      0.02372319      0.02341452      0.02311487      0.02282376      0.02254082      0.02226560      0.02199775      0.02173694
 0.02148284      0.02123509      0.02099340      0.02075745      0.02052704      0.02030187      0.02008169      0.01986631      0.01965546      0.01944895
 0.01924654      0.01904808      0.01885335      0.01866220      0.01847446      0.01828991      0.01810840      0.01792985      0.01775408      0.01758093
 0.01741028      0.01724197      0.01707591      0.01691197      0.01675006      0.01659007      0.01643188      0.01627535      0.01612041      0.01596698
 0.01581493      0.01566422      0.01551472      0.01536636      0.01521905      0.01507273      0.01492729      0.01478266      0.01463883      0.01449567
 0.01435312      0.01421112      0.01406960      0.01392852      0.01378781      0.01364743      0.01350731      0.01336739      0.01322766      0.01308805
 0.01294848      0.01280892      0.01266933      0.01252964      0.01238981      0.01224985      0.01210968      0.01196928      0.01182858      0.01168752
 0.01154609      0.01140426      0.01126203      0.01111932      0.01097616      0.01083246      0.01068819      0.01054337      0.01039793      0.01025186
 0.01010520      0.00995787      0.00980985      0.00966116      0.00951177      0.00936161      0.00921071      0.00905907      0.00890667      0.00875348
 0.00859952      0.00844476      0.00828922      0.00813287      0.00797571      0.00781775      0.00765898      0.00749937      0.00733895      0.00717773
 0.00701564      0.00685273      0.00668902      0.00652454      0.00635922      0.00619308      0.00602617      0.00585848      0.00568998      0.00552074
 0.00535076      0.00518001      0.00500857      0.00483644      0.00466362      0.00449013      0.00431596      0.00414120      0.00396584      0.00378987
 0.00361336      0.00343628      0.00325862      0.00308040      0.00290172      0.00272256      0.00254301      0.00236302      0.00218267      0.00200201
 0.00182104      0.00163978      0.00145829      0.00127658      0.00109468      0.00091259      0.00073035      0.00054792      0.00036536      0.00018270     ]

==================================   N = 300   ALPHA = 1   ERR2 = 0   ====================================

6.872649629396932e-07
[0.60657832      0.40452510      0.30742419      0.24911356      0.20989863      0.18160409      0.16017618      0.14336151      0.12980213      0.11862872
 0.10925823      0.10128414      0.09441431      0.08843321      0.08317813      0.07852398      0.07437296      0.07064758      0.06728542      0.06423577
 0.06145700      0.05891460      0.05657961      0.05442771      0.05243819      0.05059349      0.04887834      0.04727963      0.04578592      0.04438731
 0.04307498      0.04184126      0.04067939      0.03958321      0.03854734      0.03756711      0.03663813      0.03575645      0.03491869      0.03412164
 0.03336247      0.03263854      0.03194750      0.03128721      0.03065561      0.03005093      0.02947145      0.02891567      0.02838218      0.02786968
 0.02737702      0.02690306      0.02644679      0.02600726      0.02558349      0.02517471      0.02478012      0.02439904      0.02403081      0.02367471
 0.02333030      0.02299694      0.02267415      0.02236135      0.02205817      0.02176417      0.02147890      0.02120201      0.02093314      0.02067189
 0.02041800      0.02017111      0.01993102      0.01969732      0.01946985      0.01924836      0.01903253      0.01882217      0.01861705      0.01841706
 0.01822194      0.01803155      0.01784562      0.01766409      0.01748680      0.01731356      0.01714422      0.01697866      0.01681673      0.01665838
 0.01650336      0.01635165      0.01620303      0.01605741      0.01591479      0.01577503      0.01563804      0.01550366      0.01537188      0.01524255
 0.01511560      0.01499103      0.01486870      0.01474848      0.01463037      0.01451425      0.01440012      0.01428787      0.01417747      0.01406884
 0.01396198      0.01385677      0.01375320      0.01365121      0.01355075      0.01345181      0.01335439      0.01325834      0.01316370      0.01307034
 0.01297824      0.01288736      0.01279767      0.01270914      0.01262179      0.01253554      0.01245033      0.01236611      0.01228283      0.01220050
 0.01211906      0.01203845      0.01195872      0.01187979      0.01180164      0.01172430      0.01164771      0.01157183      0.01149670      0.01142221
 0.01134840      0.01127518      0.01120256      0.01113049      0.01105901      0.01098800      0.01091749      0.01084746      0.01077790      0.01070880
 0.01064017      0.01057196      0.01050413      0.01043668      0.01036960      0.01030282      0.01023640      0.01017028      0.01010447      0.01003897
 0.00997378      0.00990876      0.00984395      0.00977935      0.00971494      0.00965072      0.00958664      0.00952268      0.00945886      0.00939513
 0.00933150      0.00926800      0.00920455      0.00914121      0.00907794      0.00901472      0.00895151      0.00888829      0.00882512      0.00876196
 0.00869882      0.00863566      0.00857249      0.00850931      0.00844608      0.00838286      0.00831963      0.00825638      0.00819307      0.00812976
 0.00806637      0.00800293      0.00793942      0.00787579      0.00781206      0.00774824      0.00768432      0.00762024      0.00755601      0.00749165
 0.00742719      0.00736261      0.00729793      0.00723310      0.00716812      0.00710298      0.00703767      0.00697220      0.00690655      0.00684074
 0.00677476      0.00670863      0.00664235      0.00657585      0.00650914      0.00644224      0.00637514      0.00630786      0.00624038      0.00617269
 0.00610481      0.00603672      0.00596843      0.00589991      0.00583119      0.00576223      0.00569305      0.00562364      0.00555402      0.00548418
 0.00541409      0.00534375      0.00527318      0.00520238      0.00513136      0.00506012      0.00498864      0.00491695      0.00484502      0.00477279
 0.00470032      0.00462759      0.00455460      0.00448138      0.00440791      0.00433417      0.00426018      0.00418596      0.00411148      0.00403675
 0.00396178      0.00388657      0.00381111      0.00373544      0.00365950      0.00358334      0.00350695      0.00343033      0.00335351      0.00327650
 0.00319928      0.00312186      0.00304425      0.00296648      0.00288851      0.00281037      0.00273206      0.00265355      0.00257489      0.00249609
 0.00241714      0.00233804      0.00225877      0.00217937      0.00209982      0.00202014      0.00194033      0.00186037      0.00178027      0.00170007
 0.00161976      0.00153932      0.00145881      0.00137821      0.00129753      0.00121678      0.00113595      0.00105508      0.00097415      0.00089312
 0.00081208      0.00073099      0.00064987      0.00056869      0.00048751      0.00040629      0.00032505      0.00024381      0.00016254      0.00008126     ]

==================================   N = 3   ALPHA = 0.5   ERR2 = 1   ====================================

X =
[[0.00000000     0.00000000      0.00000000      0.00000000     ]
 [0.57366318     0.00000000      0.00000000      0.00000000     ]
 [0.48515983     0.72420055      0.00000000      0.00000000     ]
 [0.43614286     0.49647631      0.41652490      0.00000000     ]]

==================================   N = 4   ALPHA = 0.5   ERR2 = 1   ====================================

X =
[[0.00000000     0.00000000      0.00000000      0.00000000      0.00000000     ]
 [0.62821478     0.00000000      0.00000000      0.00000000      0.00000000     ]
 [0.55352637     0.61874718      0.00000000      0.00000000      0.00000000     ]
 [0.52565187     0.51601150      0.62821398      0.00000000      0.00000000     ]
 [0.49672704     0.42239574      0.37470827      0.31651001      0.00000000     ]]

==================================   N = 5   ALPHA = 0.5   ERR2 = 1   ====================================

X =
[[0.00000000     0.00000000      0.00000000      0.00000000      0.00000000      0.00000000     ]
 [0.61530885     0.00000000      0.00000000      0.00000000      0.00000000      0.00000000     ]
 [0.54298247     0.60481494      0.00000000      0.00000000      0.00000000      0.00000000     ]
 [0.51475002     0.50358323      0.60898555      0.00000000      0.00000000      0.00000000     ]
 [0.50258040     0.46388691      0.49346880      0.61796999      0.00000000      0.00000000     ]
 [0.48759912     0.41730879      0.37855918      0.34179583      0.28854492      0.00000000     ]]

==================================   N = 6   ALPHA = 0.5   ERR2 = 1   ====================================

X =
[[0.00000000     0.00000000      0.00000000      0.00000000      0.00000000      0.00000000      0.00000000     ]
 [0.60408684     0.00000000      0.00000000      0.00000000      0.00000000      0.00000000      0.00000000     ]
 [0.53392222     0.59358930      0.00000000      0.00000000      0.00000000      0.00000000      0.00000000     ]
 [0.50542789     0.49455745      0.59784275      0.00000000      0.00000000      0.00000000      0.00000000     ]
 [0.49335113     0.45437826      0.48309998      0.60237289      0.00000000      0.00000000      0.00000000     ]
 [0.48765920     0.43655143      0.43688955      0.47971681      0.60914312      0.00000000      0.00000000     ]
 [0.47916050     0.41113269      0.37703509      0.34964279      0.31738643      0.26660798      0.00000000     ]]

==================================   N = 7   ALPHA = 0.5   ERR2 = 1   ====================================

X =
[[0.00000000     0.00000000      0.00000000      0.00000000      0.00000000      0.00000000      0.00000000      0.00000000     ]
 [0.59494180     0.00000000      0.00000000      0.00000000      0.00000000      0.00000000      0.00000000      0.00000000     ]
 [0.52513895     0.58430330      0.00000000      0.00000000      0.00000000      0.00000000      0.00000000      0.00000000     ]
 [0.49742879     0.48651269      0.58895466      0.00000000      0.00000000      0.00000000      0.00000000      0.00000000     ]
 [0.48540669     0.44650984      0.47555831      0.59346880      0.00000000      0.00000000      0.00000000      0.00000000     ]
 [0.47931517     0.42843143      0.42849575      0.47115776      0.59619698      0.00000000      0.00000000      0.00000000     ]
 [0.47642194     0.41956098      0.40711317      0.42072193      0.47008459      0.60029418      0.00000000      0.00000000     ]
 [0.47136447     0.40471791      0.37328353      0.35099622      0.32836650      0.29811377      0.24866766      0.00000000     ]]
