1.201184089345 -0.813957103127 -1.912713119788
1.469059458738 0.078315052367 0.654562518421
0.540941847166 -0.457708033287 0.037302537952
0.954566552113 0.593146846928 0.072733513034
1.701113572138 0.147305316051 -0.010558986989
2.499469993844 -1.800564028527 -1.882813254677
0.983393984913 -0.432709713166 1.446587234802
1.603315688186 0.412254750417 0.601515540636
0.626977145060 -1.222822291673 1.871513256691
0.460344879608 0.623390737516 2.834877068591
1.461035277543 0.322750171132 -1.565135242676
0.775881839552 -0.638777593232 0.166039276152
1.565557901330 1.166383849839 -2.384054053996
1.108454906637 0.529332281407 -0.643393112975
1.339936592595 0.809081621258 0.457785915234
1.001472755406 0.340128722162 1.278061567568
0.699301994741 0.578295203444 0.550794857123
1.596249976926 -0.989183802235 -0.959546439978
0.797180761354 0.891053748255 0.374087900950
0.390876802188 0.034640463271 2.914157377714
0.704609441854 0.583264605758 -1.495174793787
0.146163433690 0.255884922893 2.212290237913
0.610602959404 -0.192394754446 -0.323083741706
0.488120211940 0.205461868218 0.716763085997
0.797763294324 -0.163182495742 -0.570379124448
1.752147995583 0.069461915814 -3.315401217897
1.145120512348 -1.335025067083 1.077015616967
1.115782205334 -0.188431342776 -0.412454596360
0.668466384203 0.647212785981 0.222152962585
2.179114672491 -0.249023420301 -0.456405831793
1.283889305882 -0.377612080789 -2.243926193245
0.911773357259 0.540679823079 0.973231258244
2.181246560869 0.745651231684 -0.775829896303
1.055053640979 0.661427742933 0.845065383865
1.353140044581 -0.469376831912 -2.947181261102
0.961730702590 -0.046208099772 1.206993795941
1.705999211971 -0.073477979302 3.143185633364
0.852417932019 0.792901711918 0.253811096605
1.970796110233 -0.225166910910 -0.301588157241
0.277611984442 -0.604910789507 1.685791316300
0.533433998310 0.605025717910 1.502273845942
0.562805126425 -1.134308928212 1.026699056330
0.239388413686 0.579893329859 1.477114822955
0.873421925194 -1.053535479073 0.987095478221
0.315900902108 -0.458976248556 1.746942374138
0.564546147216 0.081664593699 2.619372572316
0.563207800929 -0.323206199677 2.054778355355
1.268096312615 0.052825610214 -0.345094932484
1.278386049678 -0.483880280857 0.486673927267
0.817942964923 -0.603408443446 0.968998380578
0.775091399493 0.287960037838 -0.683136971787
2.507184685580 -0.658757886367 -0.843624136836
0.577289821915 0.564185895446 0.266102763852
1.146145571492 0.223405616989 -0.424705944953
1.905253369705 0.481469487580 -2.128960045131
0.818293119397 -1.539807362070 3.101812855243
0.329363427737 -0.529146125324 0.217181431731
0.858741583892 0.099906988216 0.069080708917
0.599261108475 0.221957037671 -1.297218173895
0.094311341929 -0.183709132052 0.494924458027
0.851200770835 -1.253497769961 2.951553888512
1.543494285224 0.286639708765 0.346829865761
0.359231464542 -0.171384283662 3.051200440041
1.584682424742 0.267752451452 -0.832518812924
0.350544894127 0.822523261159 1.564863569491
1.228094601417 -0.894600909526 1.852700476702
0.652419699444 -0.284274393496 1.467494984560
0.096978935912 -0.245565769663 0.620809244271
1.915494552593 0.871710779956 -4.119719481257
0.344069207656 -0.042404081310 1.779414046695
2.153301557378 -0.453658012933 -5.182574742700
0.969094624885 0.531224355361 -0.102754211496
0.040015707560 0.323580274213 2.754322101877
0.253435863129 -0.383952030797 0.244934933856
0.826417458332 0.277152246715 -1.019664415748
1.040591372224 -0.239665756043 -0.295319069278
1.205754429710 0.099843741598 -1.211997385497
0.561198978569 -0.397482823543 -0.718349491378
0.750336461152 0.560119485538 2.133296661782
0.617692886439 0.203216545233 0.055891438182
0.551313960627 -0.974637974886 0.918874197663
0.469358828162 0.250509300420 2.410064733968
0.411122497883 -0.456149054929 0.024984440543
1.378989665385 0.772554159231 0.333320541451
0.783277570269 0.220903460008 -1.004551356634
0.238792304806 0.058214654636 -0.279695848395
0.395647967981 0.150250514445 2.761497166609
1.027179765542 0.423914857398 -0.648234236885
0.206177905706 0.126073590364 1.481305089369
0.443295796878 -0.827655852216 0.218056758837
0.596005661124 -0.856235380381 0.975996691858
0.220718408232 -0.575122728900 -0.086946045834
2.466625400859 -0.801913257954 -0.247650365162
1.516782950409 -0.173499681494 -1.579603344512
1.145041436492 0.237652650373 0.858627470506
0.856657736721 0.272999292517 -1.995260422250
1.123270201249 0.313654029622 -1.545318545613
1.531080227889 0.240615250162 0.368696106536
0.184235484724 -0.688770270456 4.745669619786
2.315391068594 -0.193452069942 -2.382582693839
2.171147296237 -0.347620966367 -1.648165394554
0.455969442467 0.225855615826 0.399014868235
0.603195494564 -0.283402851252 -1.396532945399
0.565538210404 -0.240249077563 1.505662999205
0.338676887463 -0.177654878283 3.633799847256
0.379052480996 0.279418617817 -0.715380879176
1.550246539681 -0.383115376248 2.334328718024
0.775064439876 0.412140580486 0.971748511668
0.739677961802 0.404293648288 -1.603393320602
0.527844074877 -0.281404001715 3.161443558755
0.950013836210 -0.910124946728 0.167489406847
0.906567526353 0.340878914379 -1.782292166626
1.073809148845 -0.430326699179 0.869114255254
1.803121828202 0.695057783733 -1.552524861574
0.791566492666 -0.394813285057 0.505068797259
1.065909454145 1.043736527310 2.424520815983
1.829933129666 0.700070641072 -0.185226937119
1.308525287405 1.032758886058 -2.203926519849
0.893148759210 -0.122703849411 0.302147664297
0.234833418419 0.137890774508 2.938721112898
0.950911334044 -0.624539991647 1.898105236817
1.540163960078 -0.323354228489 0.770697995685
0.492056263964 -0.468605003865 0.003349943811
0.484332594022 0.768119865318 2.660396743440
0.940932568393 0.088827490984 2.518653871192
0.202450288273 -0.141644405070 0.224183249870
0.349887570132 0.860816760034 0.834519010825
1.280410984781 -0.619815982377 2.289098152825
0.905639973705 -0.731417016014 -0.561792060847
0.724141864773 0.624861256530 1.174448385394
0.897542393213 -0.861182660857 1.091804959564
1.172695054270 0.053928051560 -1.255251448969
0.086911334976 -0.022520498084 0.084149691906
1.346915289152 0.678582368234 2.419254243525
1.365115584495 0.381810786571 -1.343736553770
0.676153136216 -0.108272225038 2.688342444324
0.089155518902 0.314472493710 4.653813200449
0.708346672551 -0.039670777560 -0.093910915249
1.184180489626 1.119975418625 -0.730857582716
1.895261488414 0.103853808673 0.124329103074
1.161877986525 -1.329999709704 1.954774948683
1.128837939040 0.317827697720 -1.888317397512
1.418948454453 -1.066632283398 0.021987572605
0.228199178485 -0.267405175965 0.865864340047
0.260874732103 -0.341898798761 2.159185894103
0.437131873656 0.472652780300 1.118605023712
1.374618180241 0.192392629630 -2.173466518706
0.408544803310 0.627903203464 3.689430107419
1.832530210996 -2.045757475238 0.065487670353
1.100932066827 -0.843945232904 1.082783270041
0.058702627419 0.278685847253 2.217331253607
1.253063974500 -0.593805155566 -2.139092676886
0.939517284308 -0.325030741569 -1.381394341452
1.132627408323 -0.402154864697 1.771696819280
2.629554326214 -0.956357687239 -2.816532675953
0.356722252338 -0.791013406907 1.686973343739
0.603398445482 0.440182334973 -1.136182971461
0.466789348346 -0.775976148784 -1.356797722044
0.201004436573 -0.458417916910 2.168471580744
0.057379593761 -0.086930728268 0.737208680370
2.041681396906 -0.388571499991 -1.729640127877
0.829330370525 0.169204312492 0.410708188143
1.601979163801 1.260615757081 -2.629393298431
1.701491885460 1.108251915062 -3.377773602574
1.005918007083 -1.082512576854 1.538833262610
0.415225887249 0.085620172571 -0.291443108199
0.895349092802 0.304063910800 -0.554480832838
0.990331301964 0.014432355297 2.916343468398
1.382498518292 0.178942822236 -1.645026830402
1.981379351734 1.126191540295 -1.171568812490
0.871364227812 -0.190219304619 -1.441692855136
1.920113128681 1.308589798410 1.446249506483
0.996802019805 -0.635569841427 0.145966256597
1.214537292912 -0.575811931183 -0.975757115045
1.116765940010 0.239005892993 0.241126093612
0.910745768488 -0.747608404108 -1.308533821614
0.452393718718 0.075883082425 4.008979265090
2.017237446323 -2.033399929189 1.140699972900
1.211897186505 0.678236021256 -0.392291211996
0.547174043946 0.377827623101 0.426096007657
2.382925892484 0.867996034346 -1.830322692716
1.807470266061 1.859578896177 -0.776333951091
1.190834505759 1.007469887284 -0.622514994505
0.888508946537 -1.363256771633 1.819439411342
0.951046575254 0.034580321463 1.259241228897
1.886107017883 -0.329222033085 -0.441026981634
0.710847624647 1.454266011965 1.587462430206
1.608936839118 -1.359372041327 0.588143741123
0.205694494620 -0.737448596025 4.609034135201
0.296387337278 -0.604682549730 1.246010529328
0.815890561635 -0.432442533306 -0.721389505735
0.146084788482 0.350170419657 2.548102194628
0.245024875790 0.282535337721 -0.014324653148
0.295523986819 0.945118877318 2.644622128446
0.136788502462 0.528925683732 2.204471766997
0.179481634685 0.152084621022 -0.144234454632
0.917146539353 -0.502057717277 -0.660751976098
0.815857959581 0.364248306408 0.068738451982
0.425325832938 -0.161830734075 1.046021981910
0.796561960515 0.381959911198 1.309417485729
1.500626602220 -1.343648899562 0.703639667020
0.839467182509 -0.076932447319 0.730620718424
0.683790185931 -0.836516794617 1.514778501923
1.178482900628 0.718218391317 -0.426123788015
0.904505381591 0.712089764129 1.306350010393
1.167502065015 1.303084679900 1.389940261714
2.049651431822 -0.811209212523 -1.977347561286
1.018937204300 0.717007834416 -0.096647707661
0.737449343292 -0.986217747791 0.220764719678
0.528650720483 -0.430676764136 0.076925389904
0.376214130657 -0.129999627318 3.490617302083
1.796951725796 0.237375198968 1.047740338211
0.296718068871 0.577448055861 0.726168923778
1.441644306815 -1.089370506392 2.045094374948
1.126581176413 -0.738668819167 0.405059893283
0.705744868880 -1.138629472875 3.728666577796
1.592519222391 0.718570487340 -1.472253800973
1.690019301876 -0.554913771513 -0.832321995571
0.590812876955 -0.201390774419 -1.423942309091
1.857225429877 -0.802950016059 -0.205458705308
1.088015173476 -0.276828833024 3.469345090732
2.225256785318 0.459050711317 0.319752441004
0.677717726836 -0.898721072477 0.640250767162
1.164051208735 0.454765505026 -1.366049591469
0.388134626814 0.898008102043 2.108102714601
2.368933911347 0.869395542600 -0.388229453523
0.867209175295 0.298869029151 1.536340473463
1.118784211412 -0.331970643904 2.414483898737
0.136720378483 0.693089235146 2.222465461323
0.199451430797 0.251609849248 0.922147514712
0.187804221736 -0.474216285954 0.918182126688
0.329152672760 1.359397907757 2.844301108027
1.531849092591 -0.776529948382 1.376646717308
0.657750679386 -0.117562093200 -0.011387796611
1.470553047920 0.794174430125 1.244443725691
1.825842900332 1.939058698539 -2.350736192115
0.542045740921 -0.594190262455 3.578303192173
0.667737900484 -0.234087702856 -0.672458470156
1.209449614051 -0.245513039321 3.530489180044
1.330168836203 -0.502244728979 -0.056288632452
0.434449218383 -1.111650258148 1.888356819283
1.869991745475 0.644289874342 -1.684592547922
1.937794017129 0.804891028360 -1.033328830401
0.783616539314 0.099933328611 -0.810936683822
0.589880178527 -0.219909158936 4.003863249601
0.747628554561 0.814474077378 1.364835165656
1.473110169619 0.886606065102 3.974391797305
1.554082504170 1.155988865539 -0.980324402046
0.570861969230 0.258770074207 0.029142584128
0.984675134309 -0.730104848007 -1.649624462388
1.588228984006 -0.644937905217 1.203629241740
1.584212981731 0.216782698878 -0.730797181147
0.450246231511 0.700260226459 1.089046472254
0.259928648264 -0.299060554569 -0.446557781596
1.089117877147 0.415373919599 -0.211805160125
0.730940819662 0.780788190791 3.547033126905
1.245413509922 2.126816705106 -0.666711366112
0.405716370334 1.026979752880 2.634830964065
1.373090885812 0.848842852888 0.054950653365
0.703766641923 0.309817039949 0.987230496391
0.908000257736 0.962498438423 -0.262849503792
0.312851838673 -0.215653271873 -0.672455085870
1.400953514334 0.896181998782 -0.070187277948
1.246242674043 1.408260733851 0.709295633302
0.203508431305 0.214620374301 4.077453898308
0.112983018012 -0.460355813591 2.253726780183
1.212583207507 -0.611598466848 1.622831240224
1.100488927148 0.418378970165 1.302381846274
0.678620758561 0.345080239108 0.549815748836
0.306049078438 -0.645411534981 4.042326253621
1.075058157420 2.002489297011 1.073676415411
0.973862907390 0.036421574192 -0.746272202813
1.453652660223 -0.796395303865 1.358375632453
0.969805256467 -0.337056382413 0.263501872113
0.899789639240 -0.773148195894 3.011535918734
0.858374643399 1.008212966435 0.155298670916
0.373284593641 -0.460804581341 0.882723564243
0.848268865689 -1.294797847679 1.609958936352
1.474183256147 -1.204089698646 -2.721546655985
1.406285019419 -0.931448728331 2.219820840323
0.428318232579 -0.938668260982 3.257393452373
1.556242919242 -0.264683059015 -1.478369218522
0.632361513510 -0.274044349361 0.936148106944
1.602991352355 -1.003509789058 -0.093933788414
1.073749960484 0.925763769192 -2.129940509645
2.221349287201 0.502245988471 -0.306871591894
1.604238585288 -0.853481785718 0.607495001564
0.960311045995 -1.284219982862 3.207687688507
0.816680269273 -0.016990693620 -1.055343750393
0.437209427211 0.428697115622 3.731036088765
0.417478219815 0.625224132294 2.778099414334
1.168836804912 -1.514907021830 0.855241941736
0.367434831831 -0.294996762605 0.005937122753
1.201844230790 -1.915290909595 -0.159067596686
0.410523949755 -0.291246109728 0.664391968762
0.632280531541 0.426756300119 0.861357173901
0.871468984293 -0.376851399600 0.582000422091
0.621068031058 0.082075522697 2.792111281763
2.602502594982 0.479069242472 -0.629808388696
0.659505058347 0.785938921951 1.132725442788
1.311019613920 0.510200981479 2.936304907981
0.257722793041 -0.440016113698 2.148214245653
0.585920538509 -0.397276872502 -1.061664091973
1.536818978420 -0.714120099002 -0.045310142254
0.291395513412 -0.718221330841 0.561287710027
1.159443287297 -1.202486018342 2.387389144991
0.250695979092 0.219646677331 0.135350784782
0.968597604456 0.063266968992 -0.604865508001
2.434701477155 -1.163022082707 -3.334140704272
2.011314152643 -0.222882100172 1.197280290901
1.107741361515 -0.188283948940 -2.263485444404
1.864050164216 0.348625622301 -3.437693571197
1.207624243244 -0.385745236550 1.790605109518
0.131106143188 -0.265936772039 2.844788216129
1.200878618800 -0.944187901196 -1.066755833837
0.315886319570 -0.147440886198 4.960937007034
3.463878556912 -0.553144236867 -1.244735002615
1.078245458134 -0.214114262655 0.210658391000
0.677743494086 -1.306760812792 3.840514622214
0.880855246967 0.816437821257 1.228557661019
0.689339595007 -0.054238317320 -0.341576534384
0.126658723626 0.545006071816 5.285544185177
1.260646783297 0.832167325391 -1.264023220750
0.360941079796 -0.094487295450 1.558305480647
0.802523466173 -0.926295590655 2.295575449281
0.772569456051 -0.203079441968 1.504242882263
0.220741579882 -0.290787069280 2.298728529990
1.751022811365 -0.025083284588 -0.198768575796
0.502952385851 0.689194446056 0.471088090086
4.110488998166 1.117884210287 -2.745105881074
0.273115005976 0.103593621298 0.981475258204
0.962067417352 0.179778153797 -0.623449147218
0.846308904797 -0.419199604102 -0.437015239761
1.722900361596 -1.050267597339 -0.998777182299
0.210311850732 0.079618831816 1.741933549210
0.890828029186 0.798324370720 -0.492895334400
0.596237100589 -0.857434122880 0.836733599642
1.262539828663 -0.027714109856 -0.231940109092
1.426466441505 0.282151085612 -2.792120046896
2.212455505056 0.167828184451 -3.654893124038
1.593907636839 0.311198115479 -2.428308766759
1.648684762674 0.200840534837 1.845819332103
1.681754839410 1.026695257706 -2.547505137616
1.894011032726 0.728103575782 -1.578571639565
2.106675397684 -1.886564671142 -1.133341932318
1.228548746206 0.100406595071 -0.750846748703
1.103894155981 -0.087194707346 0.056694983866
1.229890894376 -0.814386498340 0.599469451148
0.894245081156 -0.800353844009 0.419936703050
0.764412242029 1.607173738433 2.091113345266
1.094203911815 -0.082515410831 -0.438381355270
0.353229998986 0.940398365695 1.811934854120
1.470680354420 0.297109148772 -2.026384386463
1.618084328942 0.641236349447 -1.579954109191
2.931117468466 0.683622133479 -5.449050377774
0.695666450839 -0.395947817658 1.276622165465
1.751872519775 -0.545098863520 -1.720017233328
0.745575355859 0.245538485223 1.126042530520
1.699667894742 0.753676513963 -3.114394643385
0.800531948636 0.710424009564 3.022877687398
0.355524292234 0.400333945120 1.198024897544
0.942883055721 -1.065350595797 2.233352149869
0.878903574294 -0.307859961372 -2.056453246732
1.637256517277 -0.599854058294 -2.791037469259
0.131188455772 -0.136759827359 2.776532504988
1.506355016481 -0.534001138155 0.605630152581
0.698340914486 -0.639234867330 1.761220786640
0.625163831855 -0.341149591680 1.670776185998
1.411357139501 0.579638037221 0.180423937982
0.606281891187 -0.478374561409 0.360550104178
0.939231425024 0.344231834750 1.070802422607
0.266046708838 -0.269980960794 2.402159613257
0.242954798963 -0.099834725248 -1.110694565677
0.410151144468 1.354486290260 4.505005436696
2.628217211056 -1.922207849168 -1.652415226944
0.710689428824 -1.605338332991 1.134355408030
0.429162997102 0.142224008859 1.778109479075
0.574901789706 -0.224659879713 -0.459091441815
1.764788576523 0.586327391840 -3.467241571424
0.842323512453 -1.662103835765 1.871607664799
0.433679463277 0.773024068343 2.361452958631
0.540833392986 -0.560132138727 -1.159185489481
1.316690407126 0.543098158208 1.230674818759
0.471193777162 -0.788932986434 2.791074861017
2.100035460930 -1.661787669314 -0.548181589469
1.134347714873 -0.180556058901 0.382291156083
1.167367951260 0.051469945728 0.533721820175
1.935519986211 -0.120506255744 -1.660052430961
0.191260687688 -0.529205782970 0.846118495463
0.799323860643 0.957151041595 3.568017993892
0.891298712495 -0.470520903559 3.970083982365
1.300353251869 -0.160899998220 -0.053695813893
0.642510249671 0.671078359028 3.650511393064
0.971804199872 0.551521136503 1.080761184643
1.848365968656 -0.996856258189 0.615388342550
1.171536103534 0.307501116832 -2.797926270855
0.945303392903 -0.502410664011 -1.222147482428
0.511468085937 0.477927621890 0.723807665615
1.226634386467 0.073809456578 -1.412145548653
0.655373380139 -1.160231152912 3.196001246899
0.064317490960 -0.022388633177 2.032411241153
1.390879064052 -0.401317627489 1.908904644541
0.585361397783 0.667695767985 1.524350122220
1.860046881661 -0.919511317886 -2.720403058173
0.632551417162 -0.307790305766 1.976150094663
0.442292255905 0.665282566463 1.319265936315
0.714885143045 -0.672714805188 4.741113096610
0.255324849456 -0.132153175847 6.186922035496
0.443105725119 -0.193387424895 2.138970586328
1.446333651260 -2.275458460195 0.528961973679
0.479342968236 -0.327512851493 -1.318683275690
1.533942124650 -0.036487496580 -0.630120985750
0.497678844753 -0.079369299443 1.251159161739
0.679980525125 0.662514435465 0.781796784607
1.403780195856 -1.179577752215 -1.290268874978
1.742371723571 -0.342096691191 1.437820323945
0.802991816120 -1.790737292896 5.049321142381
0.514083874004 1.508759012773 4.846427383730
0.488615120910 0.186031691174 -1.161148598602
0.403272613511 0.195113202132 3.797761999946
1.641100159298 1.534557845116 -0.473327464637
1.530878073161 -0.006054905076 1.377052256082
1.328380494313 0.694638301278 0.305942130548
0.247634726610 -0.195001163527 -0.648991366943
1.628204622547 0.369573563513 -0.385487819626
0.335584861224 -0.023941965253 7.284334215505
1.129046704462 0.718385806446 -1.179239008815
2.545431611339 0.627859446766 -1.271805698647
0.608896910275 0.121836650317 -0.376802003690
0.860712681824 -1.464634007979 0.772121636811
0.691660294319 0.212795801863 -1.469909256111
1.002561620522 -0.761731914078 1.023355913027
0.561435610138 -1.323841922566 2.033109955005
0.470286995825 0.167071461112 2.515787666117
0.448087434461 0.470978858501 1.783446622629
3.257990009174 -0.913042167141 -0.543795068854
1.522658580072 -0.211854925229 -1.359841953911
0.670262653916 0.483416859126 -1.714963068413
1.047476805527 0.756678305128 -0.654808967488
0.645742420730 -1.090876714721 0.813342193284
1.316171052239 1.023607804890 1.044780190758
0.420205205590 0.278912673441 1.869141550766
0.366888911648 -0.870482457699 1.439353057304
0.922807568832 -0.539481714023 0.155149483345
1.474428878066 0.569686586622 -2.040977200300
1.249914575289 -0.511774080081 -2.848316770825
1.245777906841 -0.924120424452 1.850442992782
0.240944193189 0.147341203946 4.138057642422
1.246993815427 0.417811619065 -1.142100860797
0.435553342469 1.614461184757 4.215445933837
0.482041192763 0.289600329114 4.228094562706
1.436489146047 1.044522158668 0.484359659750
2.033879688535 0.191038548609 0.121100565651
0.937686577975 0.613170607338 2.346536271222
0.330437687160 0.868214483287 2.648573763935
0.536564083326 0.575546342195 1.126745783796
0.457279282888 -0.096013710463 1.999759558992
1.108630055566 -0.472150158207 0.435022056208
1.070518931378 0.357656996549 -0.041327135291
1.435554938739 0.571267298282 -2.335280575097
1.890606542375 -0.377904011010 2.215554129873
0.899432859403 -0.529171060595 -0.033063604661
1.409947407150 2.015035239449 3.603911273629
0.860364798284 1.170021547020 -0.480643393302
1.370955617500 -0.041709688902 4.573540183797
1.554988838503 0.550404176448 -0.149109338210
1.525506718645 -0.088764691237 1.296164524090
0.310219665496 -0.210005387295 1.426557099011
0.611159222587 0.780110036622 0.419146242226
0.964292613518 0.182354139884 -0.340115517294
0.421308977678 0.122062315978 3.103012008985
0.458611102492 -1.249951715919 1.474429482418
1.278114159972 0.404344078462 0.600064304827
1.566945439757 0.447362750823 -2.733003259952
0.331298444963 -0.454081206177 2.295955307372
1.056342930083 -1.677774809191 0.647040821307
0.686113130820 -0.076058050420 1.467660471254
0.207248710758 -0.214542536872 1.243561238941
0.506682016167 1.339930120399 1.465779688181
0.320679109382 0.208751520415 0.954733471251
1.409506930022 -2.178232806278 2.102859185675
2.710140529475 0.915902755329 -2.397620504647
0.365021292095 0.222586070574 4.053428957129
1.501190757510 1.680197788073 1.770463785766
1.409173608609 -0.308576230257 2.694879654250
0.681045368546 -1.124625731594 2.385090019982
1.982059657965 -0.970880152527 -4.197117192031
1.068881250342 0.045003650968 3.770233467098
0.817848207343 -0.733890928069 0.282129408309
1.640739291894 -0.154174085429 -0.479833316817
1.496430266261 -0.750125947176 -1.190385468098
0.098681925853 0.260878156169 2.740863286863
0.245943790942 -0.455848538971 0.735118273854
1.279328972093 0.369761384035 -0.745812584039
1.716334902013 -0.412388768881 1.403081931553
2.063450713646 1.391803616544 -2.790694374193
1.355773519696 -1.305226434754 -0.657147167282
1.854030816278 -0.655561520944 1.345214034174
2.440440571369 -1.237799125822 -1.858926803356
1.021046576814 -0.315351081609 -0.504266008682
1.751853336852 0.392473520712 -0.804183356018
0.403761964918 -0.954956285440 0.985281565531
1.253611633733 -0.407775438544 -1.727062310419
1.301058250820 -1.613706550528 0.874900905966
0.547699991127 -1.088036580553 0.136866883797
0.988799131737 -1.467486761398 0.264251467451
1.522084132484 -0.502930146152 -0.729308930995
0.517451322920 -0.503889535981 1.525582863973
0.486347892627 0.314914144044 0.654571496455
1.696862151661 0.706998586753 -1.167404643447
1.930878811128 1.681164217451 0.700563087612
0.825032316771 -0.323064772594 1.299224066403
0.548470794420 0.569519626153 -0.331093936499
0.364410339868 0.836794515477 2.520731483109
2.545424498815 1.220974425673 -3.430104762651
0.659115927196 0.528442913049 3.134264358235
0.325988278104 0.786168512875 3.320048414084
0.401551483653 0.163411413747 0.072609500086
0.999187274380 0.222281394155 -2.517810009522
0.482380613913 -0.300773452896 0.022206887629
1.988388540948 -0.290558932575 -1.521043094678
1.409400687988 1.233789522372 1.744925160071
0.961705813559 -0.902302890315 0.553234970439
1.141977802294 1.067367783916 0.858903020673
0.499172141134 -0.477959895011 1.167666485349
1.575856852604 0.410336473334 -1.601857445792
1.568973043406 0.930587720164 -2.047330432318
1.659200459644 0.161076603994 -0.778142965106
0.366497792390 -0.733946845167 0.282203439585
0.704536148045 -0.891190771436 2.210603971314
0.852123080701 0.549413746667 1.662668124357
0.984186350343 0.670602683240 1.261632833051
0.635897785274 0.982134186493 3.558842906393
0.923985160987 -0.003682836654 -2.307155987621
1.122702608180 0.484797299777 -1.674210476588
1.096976084661 0.464656234429 1.463376220270
1.667296205658 -0.681147089643 -2.864554047297
0.741123573483 0.618535573574 -0.322145202507
0.303637046022 -0.733796928187 1.572904176378
1.073151076424 0.860967362831 1.278482775087
0.666092323576 -0.463287658558 1.977235303546
2.619018222075 -1.097566072621 -2.611185477099
1.486988960662 -0.420054266444 -2.134742941774
0.430348645305 -0.697368809381 1.546524876598
1.448476961316 -0.746176826368 -0.565915924026
1.654904137373 0.040334024542 -1.471669295570
0.941453651914 0.595943541830 1.077271309558
0.753661097329 -0.018738416679 3.206646313911
0.110422897018 -0.544705598587 4.158891457957
0.058209792498 -0.041614446578 1.482545516435
0.769243796064 0.646259192111 1.051966047935
1.100638247981 0.107269708582 -1.278408902258
3.525110662252 0.182310919087 -2.098067717075
1.039486358543 0.552423686067 1.428913720696
0.721138526251 -0.311910309845 -0.304788754647
1.228155426410 0.296461310186 -0.345497458713
1.041502708825 -1.122710589725 1.856998098023
1.164671916413 -0.521570409258 -1.654900921033
0.212323296894 -0.594799207283 1.486111621553
2.367233712008 -0.236414778730 2.327003006776
1.590894295904 0.669348417611 -1.135052601462
1.086402619386 -1.028705882310 -2.068067050388
0.392086771633 0.061142227235 0.663689336874
0.257523410379 -0.400640070791 0.588620083684
1.500635331224 0.436149527291 -1.618643835913
0.612195501458 0.161304082691 0.303423720127
1.226584982023 -1.263547487945 -0.231388178218
1.135752372240 -0.305121244268 0.690977175370
1.016731945529 0.688707341043 1.089803990189
0.281682715155 0.117938355620 4.433394604376
0.587148110716 0.181731136647 -1.306568405221
0.655874922476 -0.668591613391 -1.710329953616
1.531792126036 -1.633726672076 -0.866288979245
0.348056126809 0.652538613955 2.625709438214
0.014068745522 -0.092592397650 1.244444084843
1.812789716462 0.664890287343 -2.752248683902
0.762828174678 0.963617296253 1.861037876954
0.857039205598 -0.741816717324 1.400085975173
0.552591560676 0.028957109491 -0.307516179552
0.649046496430 -0.359180102375 2.691056713193
1.616758013984 -0.309395438596 -0.311371177672
0.417024980009 -0.513240951492 1.677197848360
0.214842786089 -0.459464261395 1.001689155970
0.612068126848 -1.264775478655 2.511300856564
0.802029304202 0.473895373519 -2.057907316475
0.550660532153 0.412391930825 0.866341374307
0.322767582814 0.581789999668 2.074417212353
1.589831689605 -0.505682245720 -0.146811748009
1.604541003698 0.977987427183 -2.716232281360
0.825058471033 0.096446990572 -0.264584406909
1.054077711661 0.743796978999 0.674734477285
0.343064901978 -0.233660505893 2.406429890942
1.268092915096 0.888120743508 0.130159477135
0.855186955503 -0.994814083756 1.204919774587
1.905012609532 -1.959285031108 -0.066913902055
0.912297944862 -0.962128047526 0.658669173999
1.384133845187 -0.228734935733 -0.972115575315
0.509467054224 0.586308024897 4.143064353291
0.858423336940 -1.011676196669 -0.085819369204
0.277330680525 -0.259466396456 3.638629862226
0.803890419382 -0.633281664170 0.331967648117
0.799870815944 0.917516518490 1.365158882277
0.507032562759 0.706719436749 2.048882312229
1.552189010553 1.625070303950 -1.457832006122
0.238545539690 -0.210313307210 0.089617683741
0.468441568621 0.317606325284 2.751868680586
1.971562189729 0.397066936988 -1.610678212784
1.935055562038 0.382196924672 -0.672307924496
0.758459706219 -0.689767621798 1.541369044706
0.258701088899 -0.866073558897 2.485230286774
0.514440798720 -0.543155220708 0.418194178299
0.758838457270 0.084428816771 -0.271109086465
0.281440000743 0.169928278167 1.132455524818
2.240667312623 0.950543665691 -4.288372992202
0.639222206568 0.467243290633 0.680257617484
1.441294495293 -0.366173516304 -1.096630541980
2.483648689150 -1.341621505681 2.005321772804
2.333627744182 0.489126506198 -1.842836635344
0.717417206567 -0.165496502381 0.507998139485
0.548506099053 -1.240594696220 2.868395153666
0.890547431213 1.218859028954 -0.765093804579
2.233241786430 1.227278446348 -0.097566661843
0.336911804913 -0.109728029311 4.065853985131
1.226020939214 -0.633737956352 -0.347926869107
2.442802821423 1.396630263463 -1.578995673192
2.549716784213 -1.093617559199 -2.491382754645
1.438736127103 0.049156328448 -0.439705714903
0.612953014734 -1.147131873746 1.249477027858
0.773021775591 -0.438812880656 1.502092845817
0.996244374317 -1.054367445472 -2.929592521614
0.755229174301 -0.462958128871 -0.048554464694
1.078215628953 -0.725921085884 -1.323655266158
2.525385154056 0.373419657203 -2.917720078255
0.136637295474 0.245086748357 0.262460797396
0.721045107839 -0.329126666177 -1.901736421657
0.566028575132 0.434906525461 -0.173492510196
1.648157849499 0.663738141683 0.759665917241
0.974689373205 0.185828013387 -2.471194944159
1.227596790581 1.057466974404 -1.305376731456
2.188751181104 -0.885410444149 -0.217585046505
1.436722827510 -0.080495388947 -3.306935754413
0.737252657462 0.379892191341 0.622460046533
1.840115376308 -0.930961077696 -1.861038509665
0.664177042704 -1.025592345830 0.136831428575
1.384769114122 0.149162451299 -0.311218255331
0.261851005810 -0.189084378328 -0.994678382156
3.276422082816 0.805241734930 -3.622175516154
1.221259150898 0.297892184319 -1.364147760766
0.500488578848 -0.236826683710 4.094322868074
1.200688566887 1.202630144169 1.068312683468
1.607176157957 -1.719433153808 -0.516659178047
0.445030663828 -0.076262596508 1.447955328614
1.132865873815 0.451993133645 1.288648062644
0.846264687893 -0.264301759647 -0.176809075162
0.647295206478 -0.206211678252 1.808244146203
3.128382045104 2.134526847503 -2.198529350489
0.901311159403 0.204843104484 -2.762978173541
3.062321050474 1.252238593129 -2.729739750959
0.834966688329 0.757568508759 2.361643760787
0.571203242958 -0.201163536692 -0.953842646645
1.350752906397 0.804696268922 -0.670758835747
1.934104635938 0.422783995451 -2.233776661718
1.238634945567 1.171213967121 1.201896076009
3.050799306586 -0.270628172162 -0.991233026206
1.490109173621 -0.100430670746 0.076515246359
0.696318844301 0.208910966252 1.598523039174
0.295518954972 -1.066377281350 3.251449765234
2.010077631253 -0.158924258370 -2.704659562895
0.949823048157 1.126708716191 0.083749349011
1.685473658648 0.273617242615 -1.308940768013
0.522579112262 0.820761617227 0.181764863815
0.632687534260 -0.365893015414 0.497684885079
1.599948124729 0.607104935143 -2.468335333900
0.076206685031 0.499977300431 2.281659734080
0.572889567948 0.141999641024 1.765069767980
1.327785425232 -0.899020656915 -0.883845361986
1.790658641986 0.068036208187 -3.043107161344
0.859155514637 0.294620500726 0.359762408382
0.858960862749 0.844778191120 0.249564297669
1.171201929151 -0.390540840679 -2.342064530383
1.320571407484 0.957248005031 -0.812515456101
1.846615020349 1.966334689816 -1.118151323859
0.467371889639 -0.493922341300 0.276298995882
1.015756857799 0.261721255990 1.579381041607
0.376877466933 -0.513748341566 2.691289414076
0.597282027443 1.276400704375 1.918307258522
0.155932803731 0.449522744514 3.250387882263
0.032139464752 0.037559865187 0.565036073406
1.893325686702 1.790166269647 -0.129111400837
0.540058626032 -0.007095275224 0.228688031727
0.785957134945 -1.171304618281 3.178460844695
1.106353982382 0.955425082673 2.744044368693
1.083096949394 0.301320774974 0.581218269906
1.230184881338 1.251557503352 0.055984869690
0.334108692691 0.421755820485 2.066204714108
1.439338957763 0.834437065914 -1.150011863640
0.805138772040 -0.064397423947 -1.316187188124
1.268194927039 1.292064524326 1.430794114930
0.693238882401 -0.412875168536 0.655551220668
0.843633646749 -0.099482781252 -0.588558426835
0.500498129683 -0.124186564348 0.519599462999
1.692890695071 -0.018231292436 1.355069046576
1.516610735549 0.665638210444 -1.639304310037
0.239482345924 0.823398656548 3.651313584873
0.104001619344 0.040583451329 2.144649382295
1.174573269119 0.022825489457 1.130606766363
1.009324533618 -0.049238787658 -1.785730300114
0.700873269812 -0.512514158583 1.385980201070
0.310930161071 -0.158105505189 1.678371272734
0.293169558989 -0.917707874867 1.759632197801
0.759524653802 0.060548401198 -3.600530442022
0.547702037665 0.338453288390 1.796685404595
0.376548822076 0.180466759169 1.279120793180
2.020197436438 -1.351751575884 0.246717258598
2.101611229342 0.401696421677 -2.955474072991
1.306766386292 -0.339993741223 -0.536363764966
0.509955036901 0.509473559459 0.504635761765
1.096815901393 -0.783697897650 0.758014780567
0.466368407158 -0.137921740813 1.798371924807
0.914430632010 0.051884093287 -2.548551355633
0.424958931941 0.587297087038 4.277753261145
0.295871113382 0.097003295107 -0.584116895699
0.724948560031 1.043589266641 -1.447097521003
0.132743441221 0.676615800108 3.475083371174
2.652957478400 0.432068651142 -1.998355615791
0.530071970504 -0.377390974732 -0.251765057527
0.238809285159 0.504053965442 2.789968993782
1.409543435617 1.325530384039 2.069880450111
0.918077527186 1.025807982497 0.540438548165
1.328571791544 -2.161401646262 0.778624121709
0.649830575058 -0.977215546440 -0.456871683415
0.801255593769 0.735036919725 1.280306812731
0.799651667631 -0.942543605826 2.607079496642
0.188816425516 0.767071190875 3.064728618377
0.177649499962 0.433512077607 1.891991568632
1.630802575387 0.149026090132 -1.758588211402
1.339290879456 1.238594941462 0.005230643211
0.340226138785 0.067519688110 6.452875654596
1.293107998685 -0.831703878057 -1.005086143348
1.363730834758 -1.044310486943 -0.757482150192
0.180485463734 -0.342154168257 -0.553657415397
0.443974272630 -0.345752245116 -1.408298891831
1.157924734275 0.306626210712 1.346280266982
1.403987809032 -0.280872919900 -2.088398926302
0.412330561060 -0.462478278480 1.108366163341
1.299685618003 -0.184290345297 -3.203818571319
2.102371148690 0.572173607808 -4.634372229706
1.742225445838 2.127804066378 2.590410312499
1.987906863627 0.236143977027 0.107383543673
1.711107539378 0.521197918184 -0.595642388926
0.244770039217 0.397439436289 0.563259880049
0.135456198135 -0.068482566261 3.962309167513
0.539403094171 1.168138075587 1.579287024459
0.072456103494 0.453967833138 2.810295664894
1.206287553106 -1.067467490561 3.042196597468
1.154731088728 -1.182888384141 0.907304789523
0.494710693930 -0.877385307359 4.225809922699
0.555340659115 -0.957627364097 0.048155916334
1.778789172168 -0.529588440953 -1.857094146395
0.336832023312 0.154291819015 2.048988398301
0.410095479931 -0.232522709372 3.146187011581
1.147377745846 0.424464973025 -1.071101367308
2.085670530732 -1.059142396522 -0.240072915742
1.851791533840 -0.879384579431 -0.964245549629
1.026562194910 0.661193940714 0.316122748542
0.741879620206 0.814791674174 1.507702457175
1.835022228813 0.813644311251 3.417704260898
0.628882289937 -0.673445494088 2.620800813144
0.401537801404 -0.919793222681 1.186923880343
1.378651191937 1.855106725854 0.673496384534
1.063372780117 0.091980192669 -1.865696346263
0.744286511688 -0.407786547625 -1.176224316328
1.708489570558 -0.710511495354 -0.349655461885
1.319926648212 0.779355112236 -1.648233674441
1.147872612747 0.346845718693 -1.162670777597
0.692323160951 -0.302649780111 1.110493002218
0.897810806760 -0.485259998421 0.190649838641
0.132342817327 0.234550115046 0.553858748250
2.198744089181 -0.008848936733 -0.455576134263
1.071550519288 -0.009090801357 1.656507594268
1.026936458616 0.458819184569 -0.602071939270
0.693829781444 -1.468490318552 2.049313143169
1.759635720008 0.545662758822 0.893947141863
0.234350224451 0.251582183055 1.687097469030
0.778863415248 0.312038612044 0.546250053019
0.952009491615 0.039295529752 -0.757222511617
0.772462386169 -0.421347674561 -1.684439361530
1.638624589332 0.817956748075 0.650002382095
1.421686687898 1.759053340354 0.086962500128
1.552162690354 -1.007452622412 -0.662049072635
0.241354328719 0.028995047975 3.295172137736
0.439611669933 0.519328707234 1.437003979741
1.662825440540 0.244940841969 -0.206295371660
0.529319992078 -0.141471160110 -0.002646575182
1.671650663096 0.231507267479 -0.040173385735
0.323601153403 -0.446584634997 0.490052691335
0.958709584301 0.496217562597 -2.997177363718
0.650312016754 0.853234150148 0.810221070044
1.080473576526 -0.429382565380 -0.223290273806
0.627608455099 0.108181888959 0.461528175921
0.967088854412 0.053561817397 1.335879798671
0.990197951501 -0.821396417445 -1.383161587230
1.078365510593 -0.273643718900 -1.165122768493
0.740123310250 -0.896886764470 -0.198888517135
0.157550097430 0.644063979454 2.301444836021
0.918663227722 0.382852622657 -0.831921776912
1.707658174161 -1.285534443600 -2.667643970348
0.981101436268 0.820423439729 2.028482054255
0.326781909663 0.437621428485 1.078704466248
0.861410801967 -0.150196881136 0.422343644353
0.913991418311 1.267313308602 -0.196211268845
1.156711802606 -0.109062435852 -0.243559216859
1.994513428160 1.219709554900 -1.014848646888
0.731527215398 1.333057210572 5.116647386620
0.814853026786 -0.291236487055 0.710171879820
0.721166145436 0.097876934485 1.524364386609
0.350386414599 0.669525219041 3.297197981320
0.341200553264 0.576419364910 0.479385922087
0.498162748044 -0.655905890781 3.021902828418
1.220217367108 0.202698239172 -0.303760760784
1.782344196944 1.114276649972 1.570584185844
0.983776526534 -0.818013915721 0.585366577568
1.779508412600 -0.960981263314 -2.018884723036
0.703807626159 0.551806116200 -1.579360682262
2.013245082878 1.504794861687 -2.641429652159
0.745039274415 1.128810929271 -0.279210367075
0.773100697040 0.158287888494 -2.372296891997
0.869504628938 0.104048263091 -0.447211698317
1.251815166486 0.278780638451 -1.937480171893
1.852490053876 0.297108145410 0.381409985943
0.797582294869 -0.633631692303 -0.659413103342
1.958625092982 -0.772195020740 -2.601810478152
0.778260752262 -0.408863786695 2.415852344335
1.530309182966 0.239373056370 1.899964832599
0.838971769220 1.291840708037 -0.119455327838
2.152725645957 -0.831034724640 1.574814112759
0.847295887051 -0.467046592024 1.687143156018
0.916296444207 0.177532770745 0.322912999188
0.204468867901 0.429892573822 5.214204102202
0.411277939601 0.247493610658 1.573357924367
2.399670407230 -0.102229751054 -2.375578031871
0.339587340808 -0.258270319691 -0.187240249667
1.243106539506 0.051703670179 -0.850599137405
0.558592701354 0.335487604601 2.393173633655
0.349141183252 0.457257895068 3.276958236734
0.459732960111 0.550352038154 1.744059112746
0.969733243763 0.942044510379 5.163579917275
1.463214795551 0.655353457160 3.356457259236
1.905787700199 -0.827071465701 -4.279575181431
1.351767255906 -1.471820182631 1.991711334975
1.272840338351 0.472224278245 -0.630793509222
1.054508823290 0.260942019114 -0.205213057510
0.809958932077 -1.442758197253 0.049937478721
1.536556824096 1.605045307920 0.882172411189
1.322876356368 1.841829702139 1.734510715939
1.037925509890 0.423098777735 0.113284717460
1.810159609461 -0.860038915692 -2.687378372418
1.362823380867 -0.259112526204 -0.807772711072
0.609559512391 0.111698761625 -0.335558982267
0.456785774342 -0.332572056142 -0.192936156714
0.887656828823 0.638418334214 -0.127587864803
0.154468140065 -0.533263487099 4.164831047918
0.819772451570 -0.702719031414 0.592353702983
1.028381999072 -1.222883789275 -1.649316507421
0.442083394692 -0.072094614830 0.109558226265
0.644732108814 -0.617741510570 1.179378276625
0.837008419737 0.290450108828 -2.701486810359
0.960031925686 -0.237576178460 -1.548899992286
1.256997139123 0.640827332020 2.914953726889
0.905549196640 -0.003519385793 2.325224500643
1.164174525046 0.300897854782 -0.769629395571
0.170856935822 0.325645397354 -0.457695827307
0.878972235673 1.132583748673 1.672501069679
2.014012006378 1.473712436054 -0.171548062438
1.508462065823 -1.772804730771 0.689966583278
1.313897568238 0.304418356317 2.327659365995
0.457120027107 -0.246408069011 0.727392222219
1.431414226392 -1.038419026727 -3.212106340685
2.388554074479 0.993103347386 -2.703617749191
1.089612913820 -0.675249050348 2.321951547173
1.506776079957 0.344767103161 -0.868603285087
0.803961033928 -0.413358560978 -1.741174509042
1.644952047088 0.587200899330 1.541878111839
1.435628212226 0.668689435935 0.336771978111
0.942099379940 0.776668053546 0.029679100382
1.389397346638 0.503128315980 1.833321544047
0.649486200523 0.974180539950 -0.447961647772
1.707780066324 -1.731119655066 0.758089104497
0.736828430200 -0.096934790155 1.238881883048
0.440011445020 -0.898886690030 1.126698254669
0.508566745062 0.917377205820 -0.758965301814
0.043612378728 0.096518828375 0.529312716582
0.450115086920 -0.570258457900 0.490322304166
0.555973336104 0.626385506095 -0.481223780615
0.316003625464 0.475026817261 1.911724055165
1.008937185073 0.237237133144 3.257182916068
1.566137442121 -0.932862033500 -0.883636193471
1.370420122205 -0.826321823907 1.463396755417
1.232598586059 0.082755249389 -0.745456113004
2.346105868069 0.608801747569 -3.915897517266
0.796436226768 -0.190164154560 -0.218486877706
1.138443242841 0.922822390323 0.312477877245
0.252715911953 0.190239020871 2.047752284726
1.602971381682 1.427363199351 -0.544098846429
0.699441050860 -0.512314417210 2.391196420024
1.615466151861 -1.418899458645 0.551075691078
1.660479716052 -0.412278213266 -1.937352152767
0.225027631664 -0.612376898300 1.246998496320
1.016678701255 0.853222015756 0.813107921172
1.488401755738 -0.555039713756 0.519990400265
2.153956270938 0.217566702473 1.984102651271
1.516855255527 1.399465620498 1.684271205094
0.586850516103 0.417892507844 1.412864750422
0.479484214793 -0.517836864509 -0.261059336440
1.070081202583 0.099520366694 0.776782564248
0.462327019912 0.425775162679 0.490394417339
0.384652343718 0.338707101833 -1.503339047204
0.826424849676 -0.362339922447 -1.292758411078
0.341229939821 -0.839906865652 1.162886631655
1.063759730164 -0.697380429274 -0.182507413621
1.721583890395 1.472393970715 -0.809516579752
2.453003957327 -0.888871557166 -2.643329689953
0.237590413081 0.698598980661 1.443449334511
1.618829031928 0.762521992347 -2.324145745855
0.677261633450 -0.787970981940 1.717079164300
0.332310724044 0.905912120067 2.396271725406
0.028383085113 0.047095144419 1.369830174875
0.936766410347 0.930997508199 0.980251772734
0.556509543536 0.693831117519 0.006665404675
1.584480308385 -0.004005439301 -1.664892705402
2.302735797591 -0.500673914394 -2.041873591402
0.499525782442 0.785461877557 3.102657407081
0.473794294563 -0.309031765522 1.074758588211
0.934668790272 0.361281802743 -0.501581783910
0.296251297121 0.110638216790 -0.188636819716
1.329805066812 -0.645618099755 -0.724051883427
0.484265759207 0.426491705335 1.245300630426
2.009366143035 -1.250078087652 0.002119792312
0.485648244301 0.324427178767 -0.376891352400
1.872952523534 0.393381794520 -1.386017517364
0.840862231055 -0.706280004429 1.584006222457
1.587687433604 0.349213508470 0.129996934021
0.698641599732 -0.820899767188 2.493704274103
1.821629040524 0.128879558820 0.216032341552
0.590048712101 1.192019798898 3.499994720185
0.648424265325 1.440618842385 3.048224357265
2.631706924801 -0.337726392965 -2.644166425904
1.099741634513 -0.333471751915 1.357335961911
1.501762861473 0.950386797667 -0.437664992153
0.955850571468 -0.283381501058 -0.301959565595
0.806847577053 -0.141692543223 -0.270099077893
0.446322662069 1.501913820093 2.093440129218
1.406167528055 -0.037368544295 0.312700985484
0.190998565973 0.597610089388 1.591026615596
0.473904107476 -0.028471496589 4.169257894185
3.603666020925 0.582175991730 -1.194389676461
1.720408529962 -0.550029702858 -1.135018852192
1.539665446545 -1.803180727748 -0.197972990596
2.716807270848 -1.204691085313 -5.321906231477
1.929650855020 0.116764101669 -0.323269461423
0.363258420242 -0.248831976449 0.333804354634
1.331889718701 -0.190426162954 -1.000960874333
0.423183097204 0.040086685011 -1.522974301743
0.296697221271 -0.853808289295 0.056846188468
1.640985909872 -1.340428763600 -1.647077756172
2.226409393670 -0.243067304696 -0.101012922396
0.233703288084 -0.023042828365 -0.424173245664
2.346032675495 -0.956003711281 -1.294921673338
0.746311942977 1.062050519429 2.852884156216
0.688897320716 -1.425438046111 1.502606771472
0.407959861516 0.418445836687 0.946225031812
0.820340948959 0.397283759418 1.692205320240
0.096835910961 -0.083928856677 -0.581466191727
1.236801314844 0.681494930148 -1.963691035044
1.791629644783 -3.088634621491 2.172261691853
1.668532101009 -0.626430615123 0.077184551729
1.834732427493 0.580626399464 -2.266246989075
0.661024026713 0.035108444912 3.795689766827
1.938348166179 1.299555690582 -2.606392938368
0.661432307467 -0.150702341355 0.015641932768
0.556271563739 1.133361377737 4.542368752496
0.656679070373 -1.588884370362 2.008384007284
0.362728041573 0.331078014812 1.516148540726
0.416484616300 -0.010103624915 -2.043156989537
1.235903578158 0.575410135595 1.287760846171
2.014048046108 0.938821813383 0.885321728547
1.299652099672 0.661826035108 0.651798370947
0.731973944809 -1.128645826753 0.548459863840
0.668466543157 0.007231173763 0.396791905031
1.009045302995 -0.348359233773 0.589928834454
0.182227881958 -0.189630744912 1.365199324687
0.038756538967 -0.109113962388 1.935740307230
0.275152508536 -0.516660597571 2.555959219944
0.727814725387 0.876790324052 -0.888234479210
1.958664898506 -0.811750493329 0.196587845323
1.736237372341 0.733690022247 2.969094892722
1.224680125949 -0.399597391655 -1.774416783533
0.691712843893 -1.460457793535 2.910241637530
1.160317414353 0.187281669713 0.545437482230
0.632903735971 0.070319616878 0.141052578287
