1	900	0,007131	98,3715
2	899	0,007174	98,3618
3	898	0,00712	98,374
4	897	0,007072	98,3848
5	896	0,007021	98,3964
6	895	0,007118	98,3743
7	894	0,007071	98,3851
8	893	0,00712	98,3739
9	892	0,007072	98,3849
10	891	0,007017	98,3972
11	890	0,006995	98,4023
12	889	0,007036	98,3929
13	888	0,006948	98,4128
14	887	0,00698	98,4056
15	886	0,006865	98,4316
16	885	0,006997	98,4018
17	884	0,00685	98,4352
18	883	0,006917	98,4199
19	882	0,006937	98,4153
20	881	0,006875	98,4295
21	880	0,006868	98,431
22	879	0,006905	98,4227
23	878	0,006876	98,4291
24	877	0,006875	98,4294
25	876	0,006901	98,4236
26	875	0,006846	98,436
27	874	0,006783	98,4502
28	873	0,006811	98,4439
29	872	0,006794	98,4477
30	871	0,006821	98,4416
31	870	0,006832	98,4391
32	869	0,006768	98,4538
33	868	0,006699	98,4694
34	867	0,006822	98,4414
35	866	0,006644	98,4819
36	865	0,006724	98,4636
37	864	0,0067	98,4691
38	863	0,006627	98,4856
39	862	0,006644	98,4817
40	861	0,006635	98,4839
41	860	0,006656	98,4791
42	859	0,006637	98,4833
43	858	0,006686	98,4722
44	857	0,006582	98,4958
45	856	0,006596	98,4928
46	855	0,006601	98,4916
47	854	0,006607	98,4901
48	853	0,00658	98,4963
49	852	0,006591	98,4938
50	851	0,006567	98,4992
51	850	0,00658	98,4964
52	849	0,006446	98,5267
53	848	0,0064	98,5371
54	847	0,006455	98,5247
55	846	0,006337	98,5514
56	845	0,006445	98,5269
57	844	0,006445	98,5269
58	843	0,006371	98,5437
59	842	0,006298	98,5604
60	841	0,006334	98,5521
61	840	0,006416	98,5336
62	839	0,006383	98,5411
63	838	0,006338	98,5513
64	837	0,006347	98,5492
65	836	0,00635	98,5484
66	835	0,006309	98,5579
67	834	0,00624	98,5734
68	833	0,006359	98,5464
69	832	0,006297	98,5605
70	831	0,0062	98,5826
71	830	0,006254	98,5702
72	829	0,00627	98,5667
73	828	0,006252	98,5708
74	827	0,006213	98,5796
75	826	0,0063	98,5599
76	825	0,006261	98,5687
77	824	0,006235	98,5747
78	823	0,006233	98,5751
79	822	0,006166	98,5902
80	821	0,006159	98,5919
81	820	0,006193	98,5841
82	819	0,006213	98,5795
83	818	0,006164	98,5906
84	817	0,006103	98,6046
85	816	0,006214	98,5794
86	815	0,006193	98,5842
87	814	0,006239	98,5737
88	813	0,006126	98,5993
89	812	0,006054	98,6156
90	811	0,006122	98,6002
91	810	0,006109	98,6033
92	809	0,006086	98,6085
93	808	0,006112	98,6026
94	807	0,006147	98,5945
95	806	0,006031	98,621
96	805	0,00606	98,6143
97	804	0,006101	98,605
98	803	0,005968	98,6353
99	802	0,005958	98,6374
100	801	0,006005	98,6269
101	800	0,006051	98,6163
102	799	0,006066	98,6129
103	798	0,006086	98,6084
104	797	0,006031	98,6209
105	796	0,005935	98,6426
106	795	0,005984	98,6315
107	794	0,006031	98,6208
108	793	0,006032	98,6206
109	792	0,005975	98,6336
110	791	0,005996	98,6288
111	790	0,006051	98,6163
112	789	0,006016	98,6244
113	788	0,006006	98,6266
114	787	0,006017	98,624
115	786	0,006031	98,6209
116	785	0,006058	98,6148
117	784	0,005987	98,631
118	783	0,006012	98,6252
119	782	0,005958	98,6375
120	781	0,006008	98,6261
121	780	0,005967	98,6354
122	779	0,005976	98,6333
123	778	0,005913	98,6478
124	777	0,005978	98,633
125	776	0,005988	98,6307
126	775	0,006002	98,6276
127	774	0,005951	98,639
128	773	0,006018	98,6238
129	772	0,006029	98,6214
130	771	0,005983	98,6317
131	770	0,005947	98,64
132	769	0,005956	98,6379
133	768	0,005968	98,6352
134	767	0,005926	98,6447
135	766	0,005921	98,646
136	765	0,005972	98,6344
137	764	0,00595	98,6393
138	763	0,006007	98,6264
139	762	0,005972	98,6344
140	761	0,00609	98,6076
141	760	0,006023	98,6228
142	759	0,005932	98,6435
143	758	0,005956	98,638
144	757	0,00597	98,6347
145	756	0,005928	98,6443
146	755	0,006022	98,623
147	754	0,005963	98,6364
148	753	0,005972	98,6342
149	752	0,005948	98,6398
150	751	0,005949	98,6396
151	750	0,005952	98,6389
152	749	0,005962	98,6366
153	748	0,005983	98,6317
154	747	0,005954	98,6384
155	746	0,005884	98,6542
156	745	0,005955	98,6382
157	744	0,005906	98,6493
158	743	0,005931	98,6436
159	742	0,005917	98,6469
160	741	0,005881	98,6549
161	740	0,005902	98,6501
162	739	0,005946	98,6401
163	738	0,005992	98,6297
164	737	0,005969	98,6349
165	736	0,005891	98,6526
166	735	0,005948	98,6397
167	734	0,005899	98,651
168	733	0,005979	98,6328
169	732	0,005976	98,6333
170	731	0,005924	98,6453
171	730	0,005949	98,6396
172	729	0,005981	98,6323
173	728	0,005942	98,6412
174	727	0,005921	98,6459
175	726	0,005921	98,646
176	725	0,005938	98,642
177	724	0,005919	98,6464
178	723	0,005974	98,6339
179	722	0,005878	98,6557
180	721	0,006004	98,627
181	720	0,005958	98,6375
182	719	0,005969	98,635
183	718	0,005946	98,6401
184	717	0,005956	98,638
185	716	0,005944	98,6407
186	715	0,005963	98,6364
187	714	0,005961	98,6369
188	713	0,005935	98,6426
189	712	0,005983	98,6317
190	711	0,006032	98,6206
191	710	0,006018	98,6239
192	709	0,006024	98,6226
193	708	0,006045	98,6177
194	707	0,006089	98,6077
195	706	0,006067	98,6127
196	705	0,00609	98,6074
197	704	0,006073	98,6113
198	703	0,006064	98,6135
199	702	0,006076	98,6107
200	701	0,006132	98,598
201	700	0,006146	98,5948
202	699	0,006162	98,5911
203	698	0,006146	98,5949
204	697	0,006219	98,5782
205	696	0,006252	98,5708
206	695	0,006305	98,5586
207	694	0,006205	98,5814
208	693	0,006274	98,5658
209	692	0,006291	98,5619
210	691	0,006324	98,5543
211	690	0,006387	98,5401
212	689	0,00641	98,5349
213	688	0,006521	98,5098
214	687	0,006474	98,5203
215	686	0,006541	98,5052
216	685	0,006592	98,4937
217	684	0,006673	98,4753
218	683	0,006732	98,4619
219	682	0,006785	98,4498
220	681	0,00678	98,4509
221	680	0,006842	98,4369
222	679	0,006918	98,4198
223	678	0,006996	98,4021
224	677	0,007032	98,3938
225	676	0,00711	98,3763
226	675	0,007212	98,353
227	674	0,007284	98,3368
228	673	0,007389	98,313
229	672	0,007452	98,2987
230	671	0,007555	98,2754
231	670	0,007725	98,237
232	669	0,007817	98,2161
233	668	0,007962	98,1833
234	667	0,008058	98,1616
235	666	0,008195	98,1308
236	665	0,008356	98,0943
237	664	0,008532	98,0546
238	663	0,008636	98,0312
239	662	0,008819	97,9898
240	661	0,008929	97,965
241	660	0,009138	97,9179
242	659	0,009375	97,8644
243	658	0,009563	97,8222
244	657	0,009793	97,7702
245	656	0,010016	97,7201
246	655	0,010088	97,7039
247	654	0,010361	97,6426
248	653	0,010564	97,5968
249	652	0,010698	97,5668
250	651	0,010952	97,5098
251	650	0,011277	97,4368
252	649	0,011466	97,3943
253	648	0,011726	97,3362
254	647	0,011948	97,2863
255	646	0,01219	97,2321
256	645	0,012403	97,1844
257	644	0,012728	97,1117
258	643	0,012995	97,0522
259	642	0,013174	97,0122
260	641	0,013471	96,9457
261	640	0,013754	96,8827
262	639	0,014034	96,8202
263	638	0,014194	96,7845
264	637	0,014393	96,7403
265	636	0,014728	96,6656
266	635	0,014896	96,6283
267	634	0,015043	96,5956
268	633	0,015347	96,528
269	632	0,01561	96,4696
270	631	0,01566	96,4584
271	630	0,015894	96,4065
272	629	0,016105	96,3595
273	628	0,016317	96,3126
274	627	0,01646	96,2809
275	626	0,016543	96,2624
276	625	0,016699	96,2279
277	624	0,016886	96,1864
278	623	0,016928	96,1772
279	622	0,017075	96,1446
280	621	0,017263	96,103
281	620	0,017371	96,0792
282	619	0,017231	96,1102
283	618	0,017412	96,07
284	617	0,017473	96,0566
285	616	0,01752	96,0461
286	615	0,017514	96,0474
287	614	0,017662	96,0148
288	613	0,01755	96,0395
289	612	0,017615	96,0251
290	611	0,01761	96,0263
291	610	0,017564	96,0364
292	609	0,017469	96,0574
293	608	0,017561	96,0371
294	607	0,017503	96,05
295	606	0,017459	96,0597
296	605	0,01746	96,0594
297	604	0,017386	96,0757
298	603	0,017201	96,1167
299	602	0,0173	96,0949
300	601	0,017193	96,1184
301	600	0,017257	96,1044
302	599	0,017119	96,1349
303	598	0,017111	96,1366
304	597	0,016991	96,1632
305	596	0,017093	96,1407
306	595	0,017089	96,1415
307	594	0,017051	96,15
308	593	0,017076	96,1443
309	592	0,01707	96,1458
310	591	0,017234	96,1095
311	590	0,017211	96,1146
312	589	0,017366	96,0802
313	588	0,017391	96,0748
314	587	0,017443	96,0632
315	586	0,017598	96,029
316	585	0,017803	95,9835
317	584	0,018081	95,9221
318	583	0,01828	95,8782
319	582	0,018458	95,839
320	581	0,018783	95,7673
321	580	0,018993	95,721
322	579	0,019237	95,6672
323	578	0,019538	95,6009
324	577	0,0198	95,5433
325	576	0,020319	95,4291
326	575	0,020713	95,3425
327	574	0,021183	95,2394
328	573	0,02174	95,1174
329	572	0,022384	94,9764
330	571	0,022997	94,8425
331	570	0,023798	94,6677
332	569	0,024635	94,4855
333	568	0,025582	94,2796
334	567	0,026499	94,0807
335	566	0,027706	93,8197
336	565	0,028939	93,5537
337	564	0,03031	93,2589
338	563	0,031799	92,9396
339	562	0,033334	92,6117
340	561	0,035353	92,1821
341	560	0,037307	91,7684
342	559	0,03941	91,3251
343	558	0,041698	90,8453
344	557	0,044116	90,3409
345	556	0,046683	89,8085
346	555	0,049505	89,2268
347	554	0,052512	88,6111
348	553	0,055829	87,9369
349	552	0,05913	87,2711
350	551	0,062773	86,5421
351	550	0,066501	85,8023
352	549	0,070775	84,9621
353	548	0,075211	84,0987
354	547	0,079927	83,1904
355	546	0,085032	82,2183
356	545	0,090435	81,2016
357	544	0,096247	80,1222
358	543	0,102151	79,0404
359	542	0,108782	77,8428
360	541	0,115836	76,5886
361	540	0,123261	75,2903
362	539	0,130768	74
363	538	0,138604	72,6769
364	537	0,147146	71,2614
365	536	0,155977	69,8269
366	535	0,164547	68,4625
367	534	0,173917	67,0012
368	533	0,184083	65,4511
369	532	0,194811	63,8541
370	531	0,205825	62,2551
371	530	0,217118	60,6571
372	529	0,228552	59,081
373	528	0,240476	57,4809
374	527	0,252932	55,8558
375	526	0,265573	54,2534
376	525	0,278845	52,6205
377	524	0,293159	50,9145
378	523	0,307636	49,2452
379	522	0,322566	47,581
380	521	0,338095	45,9098
381	520	0,354598	44,1979
382	519	0,370758	42,5836
383	518	0,386866	41,0331
384	517	0,403251	39,5138
385	516	0,419561	38,0574
386	515	0,435759	36,6641
387	514	0,451818	35,3331
388	513	0,468035	34,0381
389	512	0,485657	32,6846
390	511	0,503623	31,3601
391	510	0,521667	30,0838
392	509	0,540033	28,8381
393	508	0,558613	27,6304
394	507	0,576854	26,4939
395	506	0,595112	25,4032
396	505	0,61315	24,3697
397	504	0,631319	23,3712
398	503	0,649579	22,4089
399	502	0,668637	21,4468
400	501	0,688441	20,4908
401	500	0,706682	19,648
402	499	0,724977	18,8375
403	498	0,742552	18,0904
404	497	0,759895	17,3822
405	496	0,777601	16,6878
406	495	0,793965	16,0707
407	494	0,810493	15,4706
408	493	0,826607	14,9071
409	492	0,842075	14,3855
410	491	0,857457	13,8849
411	490	0,872911	13,3995
412	489	0,887502	12,9568
413	488	0,902385	12,5203
414	487	0,916222	12,1277
415	486	0,930066	11,7472
416	485	0,943781	11,382
417	484	0,956913	11,043
418	483	0,969073	10,7381
419	482	0,98085	10,4508
420	481	0,992372	10,1772
421	480	1,003423	9,9215
422	479	1,012669	9,7125
423	478	1,022075	9,5044
424	477	1,030547	9,3208
425	476	1,038171	9,1586
426	475	1,04541	9,0072
427	474	1,051215	8,8876
428	473	1,057481	8,7603
429	472	1,063084	8,648
430	471	1,067866	8,5533
431	470	1,071871	8,4748
432	469	1,075158	8,4109
433	468	1,078147	8,3532
434	467	1,080509	8,3079
435	466	1,082012	8,2792
436	465	1,083625	8,2485
437	464	1,083709	8,2469
438	463	1,084089	8,2397
439	462	1,083425	8,2523
440	461	1,081901	8,2813
441	460	1,08066	8,305
442	459	1,077757	8,3607
443	458	1,075483	8,4046
444	457	1,072286	8,4667
445	456	1,068171	8,5473
446	455	1,064886	8,6122
447	454	1,061205	8,6855
448	453	1,056347	8,7832
449	452	1,051577	8,8802
450	451	1,046322	8,9883
451	450	1,040968	9,0998
452	449	1,032958	9,2692
453	448	1,0269	9,3994
454	447	1,021112	9,5255
455	446	1,014785	9,6653
456	445	1,008566	9,8047
457	444	1,002164	9,9503
458	443	0,995343	10,1078
459	442	0,988324	10,2725
460	441	0,98058	10,4573
461	440	0,973067	10,6398
462	439	0,965568	10,8251
463	438	0,959042	10,989
464	437	0,951671	11,1771
465	436	0,944106	11,3735
466	435	0,936944	11,5626
467	434	0,929423	11,7646
468	433	0,922276	11,9598
469	432	0,91507	12,1599
470	431	0,907199	12,3823
471	430	0,900016	12,5888
472	429	0,892515	12,8081
473	428	0,884559	13,0449
474	427	0,876455	13,2906
475	426	0,868445	13,538
476	425	0,860562	13,786
477	424	0,852163	14,0552
478	423	0,843805	14,3283
479	422	0,835436	14,6071
480	421	0,826895	14,8972
481	420	0,817799	15,2125
482	419	0,809357	15,5111
483	418	0,800876	15,817
484	417	0,792436	16,1274
485	416	0,783802	16,4512
486	415	0,775296	16,7766
487	414	0,766377	17,1247
488	413	0,75729	17,4868
489	412	0,74798	17,8657
490	411	0,738523	18,259
491	410	0,729505	18,6421
492	409	0,720214	19,0452
493	408	0,710891	19,4585
494	407	0,701188	19,8981
495	406	0,691075	20,3669
496	405	0,680921	20,8487
497	404	0,670429	21,3585
498	403	0,65984	21,8857
499	402	0,648985	22,4396
500	401	0,637668	23,032
501	400	0,626222	23,6471
502	399	0,614599	24,2885
503	398	0,603987	24,8893
504	397	0,592572	25,5522
505	396	0,581979	26,1831
506	395	0,570685	26,8729
507	394	0,560184	27,5306
508	393	0,549137	28,2399
509	392	0,538176	28,9617
510	391	0,526414	29,7568
511	390	0,514645	30,5742
512	389	0,502708	31,4262
513	388	0,490904	32,2921
514	387	0,479317	33,1652
515	386	0,467877	34,0505
516	385	0,456337	34,9674
517	384	0,444983	35,8936
518	383	0,433651	36,8425
519	382	0,421449	37,8923
520	381	0,409131	38,9824
521	380	0,39705	40,0821
522	379	0,385598	41,153
523	378	0,374393	42,2286
524	377	0,363334	43,3178
525	376	0,352577	44,4041
526	375	0,34136	45,5659
527	374	0,331417	46,6212
528	373	0,320907	47,7632
529	372	0,310825	48,8849
530	371	0,30103	50
531	370	0,290845	51,1864
532	369	0,277453	52,7894
533	368	0,268568	53,8805
534	367	0,259162	55,0602
535	366	0,249975	56,2374
536	365	0,241166	57,3897
537	364	0,232284	58,5755
538	363	0,223673	59,7485
539	362	0,215415	60,8955
540	361	0,20741	62,0283
541	360	0,198916	63,2534
542	359	0,191613	64,326
543	358	0,184591	65,3746
544	357	0,177899	66,3898
545	356	0,171062	67,4432
546	355	0,165262	68,3499
547	354	0,159131	69,3216
548	353	0,15344	70,236
549	352	0,147942	71,1309
550	351	0,142494	72,0287
551	350	0,137463	72,8681

