1
0.1
0.01
0.001	
0.0001
0.00001	
0.000001
0.0000001	
0.00000001
0.000000001	
0.0000000001
0.00000000001
0.000000000001
0,001481	-0,000146	-0,000799	0,001447	0,000231	-0,0633	-0,0085	0,001109	-0,001584	0,001214	-0,005155	0,002409	-0,01834
-0,001588	0,001422	-0,000667	0,003059	0,001486	-0,063254	-0,008609	0,000294	-0,000462	0,001702	-0,004772	0,002745	-0,018252
0,000893	-0,000147	-0,00095	-0,000233	0,000451	-0,063599	-0,005865	0,000128	-0,0014	0,00278	-0,004692	0,001299	-0,017448
0,000331	0,000682	0,000007	0,000942	0,001071	-0,063109	-0,006728	0,00041	-0,001893	0,003695	-0,004195	0,001383	-0,019199
0,001151	-0.00006	0,000128	0,000439	-0.000045	-0,06221	-0,006238	0,000888	-0,001877	0,00302	-0,003583	-0,000915	-0,019515
0,002034	0,001423	0,001354	-0,001263	0,000543	-0,062516	-0,008161	0,000634	-0,000988	-0,000209	-0,003692	0,00024	-0,016433
0,00069	0,000514	0,000793	-0,000132	-0,001696	-0,061717	-0,008967	-0,000244	-0,00296	0,001155	-0,005538	0,001655	-0,015899
0,001714	-0,000364	0,001493	0,002553	-0,000521	-0,060805	-0,006963	0,001207	-0,002194	0,00291	-0,006756	0,001089	-0,016864
-0,001343	0,000136	-0,001528	0,002255	-0,000519	-0,059374	-0,008336	0,00136	0,000409	0,001355	-0,004491	0,000163	-0,019587
0,002763	0,000424	0,000419	-0,000354	0,001212	-0,060395	-0,005693	0,002267	-0,002931	0,004202	-0,003233	-0,000836	-0,018187
-0,000367	-0.000043	0,001435	-0,000687	0,003862	-0,065332	-0,008666	0,000728	-0,001746	0,003782	-0,004226	-0,000327	-0,017178
0,002672	-0,000181	-0,000428	0,000796	0,002317	-0,063375	-0,00731	-0.000015	0,001753	0,003837	-0,004462	0,001482	-0,017459
0,000924	0,000426	-0,001177	0,002203	0,000958	-0,060645	-0,004909	-0,000726	0,000531	0,002431	-0,003325	-0,000354	-0,016112
0,001564	0,001076	-0.000048	0,001072	-0,000243	-0,061787	-0,006885	0,000628	-0,003328	0,00308	-0,003836	-0.000046	-0,018522
0,001575	0,001242	0,000086	0,001077	0,000214	-0,06409	-0,005555	0,001769	-0,00065	0,003646	-0,004154	0,001065	-0,018736
0,000905	0,000475	-0,000208	-0,001274	0,000158	-0,062874	-0,006629	0,000484	-0,001394	0,002188	-0,00622	0,001916	-0,017197
0,001111	0,000338	-0,00013	-0,000032	0,000429	-0,063317	-0,006329	0,00025	-0,000895	0,003065	-0,005217	0,000247	-0,017624
0,000906	0,000398	-0,000348	0,000508	0,000355	-0,064845	-0,007156	-0,000148	-0,001265	0,00325	-0,00475	0,000514	-0,019172
0,00005	0,001466	0,000167	-0,000344	0,001149	-0,063643	-0,006698	0,000446	-0,001505	0,00307	-0,004582	0,000732	-0,018163
0,002123	0,000377	0,002128	0,000482	-0,000731	-0,06279	-0,006265	-0,000096	-0,001905	0,003286	-0,004885	0,000821	-0,019116
0,000503	-0,000597	-0,002121	0,002257	-0,000986	-0,061005	-0,005874	0,000653	-0,000871	0,002305	-0,003027	0,000115	-0,017196
0,00332	0,00185	0,000597	0,001446	0,001685	-0,06222	-0,007424	-0,001197	-0,002017	0,001815	-0,003494	0,001224	-0,019375
0,001012	0,001669	0,000466	-0,000937	-0,000803	-0,061165	-0,007188	-0,001754	-0,001147	0,00376	-0,006471	0,001518	-0,019578
0,001596	0,001815	-0,002746	0,003957	-0,001834	-0,057823	-0,007683	-0,00074	-0,003918	0,00464	-0,005027	0,001634	-0,023031
-0,001394	0,000583	-0,000238	-0,000789	-0,001667	-0,058506	-0,003315	0,00179	-0,00088	0,001692	-0,006239	0,002364	-0,019073
-0,001335	-0,001725	-0,001302	0,00094	-0,000051	-0,058095	-0,006645	-0,002144	0,000855	0,003381	-0,000852	0,001235	-0,016953
-0,00269	-0,000343	-0,00302	0,000594	-0,001573	-0,057074	-0,006817	0,001294	0,001713	0,004709	-0,006547	-0,001606	-0,013886
-0,001613	-0,000095	-0,00002	0,000124	0,000971	-0,05682	-0,005045	-0,003009	0,001058	0,004493	-0,00617	0,002387	-0,017877
-0,002422	0,006101	-0,000908	-0,004148	-0,001428	-0,059153	-0,004442	-0,000739	-0,000621	0,003232	-0,004262	0,002778	-0,016551
0,00438	-0,003466	0,001691	0,001815	-0,001792	-0,060591	-0,008944	0,003749	0,003046	0,003017	-0,005702	0,002475	-0,017967
-0,001866	-0,000313	-0,002609	-0,004695	0,00304	-0,062902	-0,004377	0,001996	-0,00068	0,00314	-0,005527	0,00205	-0,018583
0,002336	0,003589	-0,000549	-0,000087	-0,000743	-0,058014	-0,006419	0,002218	-0,002889	0,00526	-0,00601	0,003559	-0,019004
0,00019	0,001311	0,000646	0,000937	0,001037	-0,059552	-0,005449	0,000454	-0,000664	0,004019	-0,002177	0,000043	-0,016144
0,000173	0,002803	0,002375	0,006383	0,002877	-0,062046	-0,008299	-0,002457	-0,004716	-0,002202	-0,002577	0,00094	-0,014924
-0,000765	-0,000155	0,00084	-0,000633	0,003274	-0,058574	-0,009424	-0,000856	-0,002289	0,001564	-0,0013	-0,001929	-0,022222
-0,002604	0,005031	0,000559	0,001622	-0,001114	-0,059284	-0,004659	-0,001528	-0,003024	0,003763	-0,006947	-0,00208	-0,013727
0,004235	0,000117	-0,004347	0,001148	-0,003018	-0,053601	-0,007611	-0,003011	-0,004795	0,000509	-0,008695	-0,001658	-0,016614
-0,002876	-0,001779	0,001433	-0,00048	0,000875	-0,060497	-0,004757	-0,000073	0,000022	0,003116	-0,004304	-0,002078	-0,013371
0,00143	0,00286	-0,000387	-0,001686	0,00212	-0,057888	-0,010985	-0,000031	-0,002122	0,005661	-0,006441	0,000776	-0,013484
0,002518	-0,00253	0,001733	-0,001231	0,003254	-0,060606	-0,0055	0,002534	0,002987	0,002158	-0,006562	-0,00499	-0,018192
0,001055	0,002854	0,001058	-0,00234	0,00125	-0,059799	-0,001995	0,00101	-0,003302	0,004415	-0,005851	0,000257	-0,018655
0,002064	-0,001086	-0,004041	0,001856	-0,000046	-0,055254	-0,007263	0,002077	-0,003725	-0,001713	-0,007714	-0,002105	-0,01492
0,000033	-0,005435	0,003718	0,005064	-0,002036	-0,059375	-0,003733	-0,000828	0,000537	-0,002338	-0,002879	-0,00909	-0,019645
0,005298	0,001722	0,002484	0,001582	-0,00062	-0,060355	-0,010218	-0,001298	-0,003207	0,005545	-0,002181	-0,002566	-0,017197
0,001845	0,00251	-0,004028	0,000415	-0,002061	-0,058513	-0,007853	0,001873	-0,004436	0,006191	-0,005269	0,002896	-0,012959
-0,001802	-0,001919	0,002368	0,00038	0,001453	-0,062132	-0,006068	0,000882	0,002838	0,00706	-0,003886	0,003364	-0,01584
-0,000992	0,005809	-0,000688	0,001295	-0,00149	-0,054474	-0,005134	0,000602	-0,000168	0,00373	-0,003773	-0,001815	-0,018343
0,001362	0,001669	-0,002445	-0,002349	0,007323	-0,058504	-0,00853	-0,001496	-0,002273	0,002236	-0,004774	-0,001803	-0,015148
0,000625	-0,002237	0,001918	-0,000666	-0,000742	-0,059148	-0,006263	0,004587	-0,003517	0,005952	-0,009083	-0,000592	-0,014312
0,001525	0,00021	-0,000522	-0,00203	0,002446	-0,06264	-0,006921	0,00116	0,000136	0,0026	-0,009753	0,0012	-0,017148
0,000798	-0,005268	-0,003193	0,00101	0,004111	-0,061637	-0,001765	0,007829	-0,001434	0,004704	-0,001862	0,00436	-0,018156
0,002061	-0,001581	0,004452	0,000807	0,001024	-0,057953	-0,007204	-0,000932	0,003353	0,004389	-0,005657	-0,002721	-0,015739
-0,000461	0,001	-0,000175	-0,003233	0,003581	-0,057281	-0,007685	0,00378	-0,003066	0,002741	0,000487	-0,003108	-0,016009
0,000245	-0,00046	-0,003989	0,001407	-0,000152	-0,056308	-0,012291	-0,00023	0,000572	0,001371	-0,004291	0,00314	-0,015639
0,000889	0,0013	-0,002695	0,00454	-0,003501	-0,056688	-0,006783	-0,000027	-0,00331	0,001384	-0,001447	-0,000473	-0,017274
0,003496	-0,001373	0,004484	0,002748	-0,00242	-0,058601	-0,008489	-0,000662	-0,002238	0,00637	-0,007392	-0,000228	-0,017905
0,004375	-0,003152	0,004066	0,000551	0,000674	-0,055767	-0,00927	-0,00338	-0,003805	0,004506	-0,007568	0,00138	-0,017536
0,002026	0,002291	-0,001765	-0,000862	0,00268	-0,060725	-0,00566	-0,000453	-0,002198	0,003524	-0,004101	0,003561	-0,019608
0,001712	-0,000101	-0,002899	0,00227	0,000944	-0,064268	-0,005653	0,002016	-0,00151	0,002694	-0,003761	0,001645	-0,015866
0,003547	-0,000209	0,001332	0,001978	0,000879	-0,059096	-0,006425	0,000021	-0,004066	0,007091	-0,007997	0,002207	-0,015564
0,004736	-0,001715	0,000215	-0,000111	0,004635	-0,058395	-0,01058	-0,000232	-0,0037	0,002784	-0,003704	-0,0024	-0,014994
0,002204	0,001375	0,001993	0,001432	-0,00075	-0,061126	-0,00816	-0,000483	-0,001858	0,002734	-0,00253	-0,000545	-0,013829
0,000305	0,003795	-0,001522	-0,002467	0,002669	-0,058156	-0,00814	-0,002218	-0,001323	0,001203	-0,003132	0,002014	-0,019219
0,002309	0,001055	0,001031	-0,000665	0,00192	-0,060835	-0,006205	0,000438	0,000715	0,002664	-0,00476	-0,002047	-0,017879
0,002868	0,000832	-0,000124	-0,001078	0,000823	-0,063241	-0,008343	-0,000223	-0,00062	0,000826	-0,004387	-0,000896	-0,016785
0,001553	0,002091	0,000079	0,001666	0,001351	-0,063762	-0,007519	0,001678	0,000266	0,003462	-0,003135	-0,000804	-0,017766
0,003721	0,003271	0,001222	0,001613	-0,00087	-0,060095	-0,006889	-0,001272	-0,001356	0,000544	-0,002766	-0,001731	-0,014076
0,004534	0,00007	0,00007	-0,00545	-0,000897	-0,060261	-0,00729	-0,000839	-0,00251	0,00116	-0,005005	-0,000207	-0,014349
0,004564	-0,000404	-0,000258	0,000649	0,000763	-0,059489	-0,005525	0,00207	0,00021	0,003796	-0,005624	0,001712	-0,013057
0,005946	-0,000824	0,00157	-0,000108	0,002076	-0,06242	-0,007205	0,001506	-0,003385	0,002591	-0,003769	-0,001033	-0,017431
0,002418	0,001482	0,000465	0,001672	0,001803	-0,062339	-0,007939	-0,000916	-0,000156	0,001634	-0,002822	-0,00126	-0,016958
0,0029	0,000282	-0,000772	0,000467	0,000007	-0,060432	-0,007138	0,001256	-0,000834	0,00239	-0,005041	0,000406	-0,0181
0,002099	0,000861	-0,000502	0,002119	-0,000121	-0,062385	-0,006276	-0,000159	-0,002102	0,004006	-0,00319	-0,000661	-0,01574
0,002356	0,001207	0,001509	0,001078	-0,00024	-0,063495	-0,006855	-0,000306	-0,002379	0,002411	-0,002991	0,000133	-0,016524
0,002835	0,000701	-0,000102	0,000058	0,000733	-0,06163	-0,006959	0,000101	-0,000186	0,003232	-0,003157	0,000431	-0,015887
0,00403	0,001082	-0,000084	0,000669	-0,000016	-0,061396	-0,007337	-0,000185	-0,000698	0,00238	-0,003939	0,00055	-0,016465
0,004565	0,000531	-0,00003	0,001149	-0,000137	-0,062559	-0,007732	0,000965	-0,000928	0,003589	-0,003887	0,000089	-0,017162
0,004346	0,000547	0,001045	-0,000449	0,000264	-0,06297	-0,007605	-0,00107	-0,00119	0,003687	-0,002716	0,001199	-0,016878
0,008915	0,003285	-0,001423	-0,000199	-0,000074	-0,060535	-0,005506	0,000846	-0,000962	0,001958	-0,003464	-0,000075	-0,01516
0,008081	0,003271	0,00225	-0,003902	0,001753	-0,058345	-0,005957	0,004677	-0,000239	0,004715	-0,004411	0,002372	-0,014735
0,005553	-0,001411	0,000889	0,002298	0,003065	-0,057524	-0,010535	0,003756	-0,000092	0,000402	-0,000416	-0,000627	-0,015555
0,006281	0,001048	-0,003334	0,003962	0,000872	-0,059354	-0,008954	0,002653	-0,005111	0,003383	-0,002698	-0,000216	-0,013492
0,009813	-0,002126	-0,000707	-0,002254	-0,000165	-0,057088	-0,008455	0,003698	-0,000853	0,001237	-0,004519	0,001342	-0,01508
0,004342	0,00062	0,002739	-0,001198	-0,001554	-0,055597	-0,009002	0,000266	0,000715	0,004815	-0,004605	0,002899	-0,012499
0,007666	0,003892	-0,002395	0,000918	0,003884	-0,053094	-0,00149	-0,000652	-0,000135	0,004748	-0,004458	0,006099	-0,017809
0,007435	0,001007	-0,002568	0,002321	-0,000063	-0,057955	-0,009795	-0,001961	-0,004632	0,000441	-0,006726	-0,00151	-0,017581
0,008791	0,001585	0,000979	0,001395	0,002428	-0,05396	-0,007414	-0,000416	0,000075	0,002512	-0,006596	0,001051	-0,013683
0,009385	0,004977	-0,001268	0,000234	0,003109	-0,059525	-0,007702	0,003414	-0,004407	0,001354	-0,004002	0,003456	-0,016905
0,01295	0,003249	-0,000967	0,002505	0,001087	-0,058379	-0,006413	-0,001751	-0,00165	0,001032	-0,003511	0,001154	-0,017031
0,010356	0,001651	-0,000692	-0,000495	-0,00205	-0,057995	-0,006513	0,000655	0,000914	0,005006	-0,003308	0,00155	-0,020802
0,015741	-0,000154	0,001382	0,001996	0,001439	-0,058401	-0,006062	0,003527	-0,000693	0,006062	-0,006713	0,003784	-0,018089
0,012291	0,004655	0,002596	-0,001755	0,000628	-0,061131	-0,0072	-0,0006	0,000279	0,003872	-0,00467	0,001921	-0,014838
0,015826	0,000338	-0,000216	0,000117	0,001276	-0,059122	-0,00805	-0,000926	-0,002656	0,003825	-0,002513	0,003387	-0,017572
0,014935	-0,001342	0,002778	0,00189	0,000773	-0,059695	-0,009408	0,002532	0,002934	0,000589	-0,00235	0,002512	-0,015067
0,015124	0,005326	0,000699	0,004424	-0,000144	-0,056298	-0,007957	0,00222	-0,003809	0,003002	-0,003381	0,000603	-0,01564
0,018383	0,000419	-0,003415	0,003592	0,00026	-0,06322	-0,00823	-0,001154	0,000277	0,003064	-0,004021	0,003873	-0,018706
0,018042	0,003789	0,003117	0,002502	0,003834	-0,056557	-0,009415	0,00469	0,00056	0,007076	-0,006744	0,00081	-0,015993
0,022703	0,001232	-0,000379	0,005445	0,001481	-0,057997	-0,008595	0,000308	0,001763	0,001178	-0,006338	0,001776	-0,015215
0,02106	0,003399	-0,000962	0,002493	-0,001446	-0,056062	-0,007969	-0,004147	-0,002947	0,003959	-0,004042	0,001209	-0,011935
0,026382	0,003344	-0,003096	-0,000806	0,001318	-0,056139	-0,004904	-0,000952	-0,000909	0,003047	-0,002834	0,00111	-0,017636
0,025855	0,004281	-0,003682	-0,001984	-0,003126	-0,058479	-0,00957	0,000001	-0,00147	0,000951	0,000257	0,002231	-0,014861
0,029881	0,005722	-0,001801	0,002112	0,00249	-0,058398	-0,00805	-0,00098	0,000429	0,000129	-0,00417	-0,002115	-0,013464
0,032529	0,003908	-0,001377	-0,000213	0,000859	-0,055965	-0,009482	0,000259	-0,001056	0,004182	-0,002891	-0,001163	-0,01369
0,03604	-0,000419	0,001163	0,000677	-0,002673	-0,059057	-0,0056	-0,001947	0,000208	0,004188	-0,005538	0,005768	-0,017117
0,040487	0,006414	0,000207	0,001916	0,000492	-0,058029	-0,005546	0,000762	0,000604	0,005327	-0,004738	0,002124	-0,011577
0,043271	0,005044	0,001225	0,00327	0,005083	-0,061513	-0,005317	0,002483	-0,0041	0,004655	-0,005975	0,001904	-0,017064
0,046103	0,005108	-0,001523	0,006332	0,000671	-0,057514	-0,012966	0,004657	-0,001756	0,003243	-0,002605	0,001082	-0,015675
0,050434	0,008287	-0,000873	-0,000027	0,002184	-0,061156	-0,010244	-0,000258	-0,003642	0,001188	-0,001813	-0,002794	-0,014237
0,053224	0,009268	-0,001081	-0,001167	-0,000773	-0,059397	-0,008659	0,00675	-0,001097	0,007425	-0,006179	-0,003282	-0,014117
0,056684	0,006279	-0,000893	0,001127	-0,001678	-0,060699	-0,005047	0,006009	0,003502	0,002718	-0,001668	-0,002253	-0,017209
0,069016	0,006662	0,000157	0,002514	-0,002225	-0,05576	-0,01046	-0,001442	-0,00215	0,006926	-0,001225	-0,000944	-0,013208
0,07087	0,003028	0,002627	0,00246	-0,001846	-0,056417	-0,006392	0,002109	-0,000258	0,001828	-0,005941	-0,00162	-0,015749
0,075688	0,008329	-0,001252	0,002068	0,002416	-0,053964	-0,005411	0,000962	-0,000574	0,00183	-0,003525	-0,000247	-0,01582
0,083981	0,00375	0,00131	0,002245	0,003498	-0,051748	-0,006171	0,00217	0,000445	0,003171	-0,003736	0,000014	-0,016794
0,086258	0,007627	0,001302	-0,00134	-0,00068	-0,056587	-0,008755	0,000397	0,001189	0,00516	-0,004245	0,001076	-0,016555
0,09756	0,012286	0,005149	0,00135	0,000213	-0,055102	-0,004657	-0,000696	0,000366	0,001097	-0,004333	0,002891	-0,012905
0,104364	0,011109	0,001336	0,000415	0,000818	-0,057309	-0,004346	0,001087	0,002177	0,006339	-0,005713	0,001238	-0,013787
0,110824	0,013772	-0,000189	-0,000349	-0,001921	-0,062104	-0,007324	0,000365	-0,002071	-0,000975	0,001564	0,002665	-0,014041
0,119331	0,011406	0,002017	0,002605	0,002192	-0,056638	-0,007112	0,001507	-0,004428	0,003708	-0,004992	0,001577	-0,012737
0,130396	0,012021	-0,000468	0,004476	-0,000707	-0,056151	-0,006645	-0,001451	0,00152	0,002981	-0,003958	0,002056	-0,014533
0,135843	0,013268	0,001073	-0,00054	0,002507	-0,058751	-0,008182	0,007048	0,001491	0,004134	-0,001324	0,002068	-0,013787
0,151937	0,013825	-0,002635	0,002083	0,001599	-0,061767	-0,007226	-0,001443	-0,002196	0,004156	0,002209	0,000444	-0,016619
0,164761	0,014666	-0,000219	0,001773	0,001491	-0,06039	-0,005141	-0,000931	0,002497	0,003425	-0,001183	0,000335	-0,011453
0,171964	0,013092	0,000249	0,002213	-0,001437	-0,056536	-0,006703	0,000753	0,001338	0,002416	-0,000138	0,001309	-0,017267
0,185852	0,015306	0,001449	0,000027	-0,001419	-0,056805	-0,001828	-0,000752	0,002647	0,002172	-0,001425	0,000275	-0,011037
0,196548	0,017012	0,002868	0,002781	0,004802	-0,054217	-0,003752	0,003247	-0,002206	0,004865	-0,002411	0,002742	-0,016548
0,214628	0,022205	-0,001672	-0,000208	0,002223	-0,055961	-0,007814	0,003792	0,000011	0,001636	-0,001641	-0,001649	-0,011548
0,230248	0,016774	0,001318	0,001406	0,00005	-0,057139	-0,003889	-0,000708	-0,002878	0,005463	-0,004093	0,004921	-0,013045
0,246476	0,024075	0,002736	0,00298	0,002458	-0,05621	-0,006441	0,002778	0,001553	0,004368	-0,00169	0,003536	-0,012562
0,258866	0,022817	-0,005067	-0,000167	0,000984	-0,054701	-0,004611	0,000655	-0,000223	0,003544	-0,006297	-0,001512	-0,013
0,276887	0,025009	0,002039	0,001217	0,001123	-0,05637	-0,005323	0,003233	-0,000119	0,003473	-0,001456	-0,000351	-0,016168
0,294231	0,025235	0,002413	0,002587	0,002446	-0,053854	-0,009538	0,001657	-0,00003	0,003982	-0,005446	0,003707	-0,009499
0,306958	0,027185	0,003893	-0,002018	0,005353	-0,054679	-0,007035	0,003756	0,000225	0,001634	-0,001575	0,002685	-0,015147
0,330443	0,028882	0,002473	0,004901	0,003673	-0,058359	-0,008642	0,002357	0,001513	0,004486	0,000516	0,00112	-0,009943
0,34755	0,029322	-0,001863	0,001858	0,003652	-0,059956	-0,008766	0,003098	0,000087	0,002962	0,00045	0,001929	-0,01124
0,365003	0,030855	0,00155	0,000565	0,0019	-0,058464	-0,006318	-0,001224	0,000549	0,005941	-0,002375	-0,000284	-0,016099
0,381022	0,035077	0,004453	-0,000343	-0,000042	-0,057679	-0,005832	0,002975	-0,000918	0,003937	-0,002401	0,00347	-0,012666
0,399069	0,035213	0,003636	0,004662	0,004791	-0,056828	-0,012495	0,001179	-0,00114	0,004287	-0,000668	-0,000979	-0,012541
0,419992	0,037989	0,00255	0,00115	0,004331	-0,05669	-0,00434	0,005374	0,001951	0,001594	-0,000324	0,002439	-0,01129
0,437742	0,040678	0,003689	0,001398	0,000126	-0,056378	-0,008256	0,000881	0,000234	0,004261	-0,001269	0,004401	-0,011301
0,449937	0,043875	0,005275	0,000724	0,000661	-0,055531	-0,006783	0,004936	0,001802	0,006934	-0,004845	0,002818	-0,013236
0,471428	0,042751	0,005417	0,000928	0,004872	-0,05785	-0,003982	0,002555	0,002623	0,004071	-0,004148	0,001633	-0,014745
0,486482	0,044953	0,00503	0,003384	0,002425	-0,058708	-0,006415	0,003356	-0,000473	0,004186	-0,002952	0,00468	-0,012007
0,49688	0,045728	0,004701	0,005358	0,003979	-0,055725	-0,006992	0,004845	0,000367	0,006453	-0,005254	0,002646	-0,01101
0,508919	0,05095	0,005229	0,004317	0,002947	-0,056075	-0,006069	0,003587	-0,001195	0,002996	-0,002569	0,00217	-0,012263
0,528322	0,052375	0,003604	0,001878	0,00492	-0,058204	-0,008029	0,003133	-0,000669	0,00775	-0,001406	0,002472	-0,011551
0,527806	0,05235	0,005222	0,005815	0,004307	-0,054994	-0,003776	0,005034	0,004348	0,003867	-0,000528	0,00134	-0,010833
0,543957	0,049102	0,00427	0,005514	0,00392	-0,055812	-0,008941	0,001844	0,002431	0,007577	-0,001437	0,000121	-0,012708
0,549116	0,052702	0,005163	0,001997	0,001228	-0,05847	-0,006903	0,001909	0,001773	0,003763	0,002204	0,002627	-0,013065
0,566824	0,054461	0,002997	0,003563	0,003977	-0,055301	-0,001964	0,005706	0,00231	0,003278	-0,000859	0,00311	-0,011796
0,567382	0,055598	0,004118	0,005697	0,001323	-0,056478	-0,007281	0,00087	0,003475	0,004788	0,001775	-0,003165	-0,014612
0,571454	0,05712	0,007139	0,003066	0,002786	-0,060388	-0,003392	0,001096	0,004834	0,009004	-0,000846	0,001842	-0,015291
0,57547	0,059102	0,005805	0,005087	0,003053	-0,056266	-0,006165	0,004001	0,000194	0,006132	0,000646	0,005117	-0,01151
0,575764	0,059661	0,008449	0,00563	0,004511	-0,053086	-0,003002	0,006596	0,002273	0,00709	-0,003524	0,007226	-0,010329
0,576696	0,058925	0,005499	0,003499	0,003092	-0,054495	-0,00554	0,005271	0,000995	0,006827	-0,00141	0,005366	-0,011724
0,576266	0,05717	0,004882	0,004644	0,003098	-0,058673	-0,008013	0,001288	0,00467	0,006517	0,001185	0,005409	-0,011291
0,572237	0,060333	0,005958	0,002406	0,004409	-0,056038	-0,004987	0,003607	-0,000259	0,007199	-0,00274	0,004293	-0,011383
0,566584	0,060814	0,008719	0,002235	0,004646	-0,054308	-0,006421	0,002893	0,004564	0,006825	0,004566	0,005423	-0,011955
0,565362	0,05613	0,006137	0,004955	0,00557	-0,05417	-0,001954	0,00477	0,003873	0,008577	0,000048	0,002699	-0,008079
0,563228	0,057517	0,008849	0,003556	0,005398	-0,055573	-0,001513	0,005682	0,003848	0,005584	0,002506	0,004504	-0,011395
0,556092	0,057882	0,004437	0,006166	0,004824	-0,056141	-0,004163	0,003473	0,000186	0,007454	-0,00021	0,005974	-0,012266
0,549542	0,059663	0,008309	0,007694	0,007497	-0,05537	-0,00597	0,00619	0,002597	0,009521	0,002149	0,002322	-0,006581
0,541857	0,054267	0,005383	0,004885	0,004508	-0,055564	-0,003011	0,00389	0,005004	0,006235	0,001535	0,004215	-0,007891
0,533399	0,059716	0,004991	0,00457	0,005763	-0,05443	-0,000161	0,003996	0,003954	0,008811	0,001629	0,005278	-0,012554
0,526922	0,057663	0,007234	0,0061	0,005324	-0,052183	-0,002721	0,006767	0,005691	0,01061	0,000637	0,005213	-0,011465
0,511574	0,055392	0,008572	0,007546	0,007346	-0,055087	-0,006508	0,006263	0,00479	0,009354	0,000882	0,00618	-0,008572
0,50158	0,056685	0,009678	0,004984	0,004393	-0,055411	-0,004639	0,007359	0,006436	0,009171	0,002429	0,011639	-0,00811
0,492923	0,057578	0,01094	0,003191	0,003802	-0,051657	-0,003698	0,006513	0,003966	0,009769	0,001482	0,010016	-0,008817
0,47857	0,053419	0,011485	0,00575	0,006232	-0,049222	0,000834	0,00632	0,006248	0,010681	0,001318	0,006033	-0,010723
0,475469	0,055353	0,009653	0,0085	0,00817	-0,049764	-0,001559	0,006399	0,003632	0,0104	0,004359	0,007747	-0,0093
0,460972	0,047949	0,009122	0,012193	0,006597	-0,052648	-0,003457	0,006285	0,008834	0,008156	0,002622	0,006743	-0,006288
0,443339	0,054594	0,009513	0,008124	0,005209	-0,052763	0,000099	0,008392	0,00651	0,01051	0,003545	0,005905	-0,007238
0,438255	0,050304	0,009725	0,009991	0,009464	-0,049661	-0,002467	0,007705	0,010777	0,013215	0,007586	0,007171	-0,006666
0,428252	0,051798	0,00936	0,009105	0,008811	-0,050399	-0,00033	0,009532	0,009295	0,012416	0,004128	0,007449	-0,006135
0,419714	0,050225	0,010168	0,01146	0,01083	-0,048505	0,002684	0,010449	0,010315	0,013413	0,00609	0,008953	-0,00081
0,409823	0,047682	0,010136	0,009441	0,010124	-0,050776	0,001961	0,008072	0,010305	0,012806	0,007075	0,007641	-0,005242
0,398099	0,051683	0,007611	0,012129	0,0126	-0,048049	0,003102	0,011436	0,01236	0,015506	0,006363	0,011411	-0,00409
0,391183	0,050271	0,009907	0,010967	0,009661	-0,044318	0,004042	0,011377	0,011832	0,015187	0,007037	0,010188	-0,001117
0,381901	0,049208	0,013459	0,0123	0,009212	-0,046956	0,003436	0,010822	0,009633	0,017156	0,009961	0,012245	-0,002856
0,369124	0,0486	0,01201	0,013571	0,013696	-0,046941	0,001794	0,014765	0,01139	0,016466	0,009118	0,013868	0,000122
0,363012	0,050008	0,013691	0,01498	0,014934	-0,043075	0,00366	0,014242	0,012182	0,017119	0,008048	0,014192	-0,001015
0,354568	0,05126	0,015173	0,013148	0,016298	-0,043887	0,005276	0,014023	0,014184	0,016475	0,009645	0,015678	0,001433
0,34858	0,05067	0,014077	0,014639	0,01535	-0,044008	0,005647	0,016541	0,01539	0,021296	0,011066	0,015763	0,002456
0,339424	0,051706	0,017212	0,017669	0,017809	-0,04197	0,005475	0,01867	0,017522	0,018819	0,012546	0,016536	0,001094
0,334118	0,051323	0,018868	0,020028	0,016848	-0,040364	0,007441	0,019771	0,016344	0,022395	0,012437	0,016652	0,004885
0,328063	0,05295	0,020256	0,021208	0,021366	-0,041621	0,010762	0,019421	0,017086	0,021808	0,01646	0,018728	0,003423
0,319364	0,053164	0,017731	0,022934	0,020701	-0,036633	0,012762	0,022276	0,020571	0,025399	0,015734	0,018506	0,007241
0,314219	0,05399	0,022984	0,023321	0,023863	-0,036475	0,013175	0,023322	0,020728	0,026384	0,019694	0,020999	0,007447
0,313247	0,054226	0,022739	0,024364	0,024886	-0,035482	0,014543	0,023488	0,021691	0,029845	0,021279	0,023991	0,009604
0,304569	0,057898	0,026562	0,026284	0,026577	-0,033097	0,016954	0,028362	0,024393	0,029876	0,022739	0,023364	0,012438
0,301695	0,057857	0,024908	0,030829	0,02829	-0,027155	0,020495	0,027073	0,027725	0,031514	0,022435	0,025818	0,014959
0,301001	0,062834	0,029361	0,033822	0,029999	-0,027868	0,021475	0,030866	0,028849	0,034117	0,025486	0,030148	0,018
0,294645	0,061547	0,031086	0,035868	0,035306	-0,023902	0,026476	0,034811	0,033103	0,037942	0,028774	0,033047	0,016666
0,296508	0,065933	0,037124	0,037932	0,037353	-0,020607	0,027431	0,036991	0,034566	0,040017	0,032477	0,033353	0,020153
0,294669	0,069181	0,040827	0,044003	0,043006	-0,018552	0,033401	0,039789	0,03855	0,043093	0,03461	0,038186	0,023483
0,293175	0,073498	0,044842	0,046271	0,045819	-0,013002	0,036325	0,044399	0,042417	0,048998	0,038789	0,042948	0,029983
0,292587	0,077859	0,049282	0,052634	0,051477	-0,008178	0,038922	0,047724	0,047528	0,051281	0,044125	0,047606	0,033394
0,292591	0,084351	0,053348	0,057143	0,05678	-0,002699	0,043952	0,053935	0,052454	0,057616	0,049894	0,054012	0,038813
0,292848	0,087763	0,060026	0,065213	0,063173	0,004209	0,05266	0,060155	0,058451	0,064417	0,053728	0,058558	0,045644
0,294633	0,095716	0,067706	0,072253	0,070306	0,007752	0,058713	0,066518	0,065804	0,072042	0,062017	0,064432	0,049488
0,29971	0,102849	0,074691	0,079732	0,078822	0,015952	0,064964	0,073277	0,072214	0,079262	0,068296	0,071898	0,056914
0,301726	0,110043	0,082866	0,087062	0,085505	0,023908	0,074614	0,081596	0,078151	0,086762	0,075558	0,080199	0,063604
0,305296	0,117739	0,093478	0,097369	0,09426	0,03316	0,084594	0,089123	0,08809	0,096466	0,084228	0,08781	0,073645
0,31283	0,1285	0,102964	0,106935	0,106974	0,045987	0,094055	0,100387	0,100652	0,105611	0,094781	0,097693	0,08242
0,315999	0,138749	0,112495	0,119218	0,118513	0,056706	0,104019	0,109073	0,107945	0,115196	0,103114	0,108039	0,09447
0,321014	0,15341	0,125933	0,13193	0,130061	0,067822	0,11705	0,123856	0,119816	0,129068	0,115765	0,119947	0,104377
0,325342	0,167278	0,138877	0,14947	0,142183	0,084449	0,130095	0,134999	0,135825	0,140823	0,129503	0,133686	0,115804
0,336728	0,181533	0,153629	0,162125	0,158444	0,096655	0,145847	0,148602	0,14821	0,156291	0,143491	0,146549	0,130364
0,347389	0,198262	0,172271	0,181721	0,17891	0,118298	0,166811	0,165857	0,167288	0,175362	0,158895	0,162693	0,146519
0,35394	0,220057	0,188901	0,199581	0,198349	0,135667	0,183231	0,186435	0,184475	0,193599	0,178075	0,181637	0,160832
0,363462	0,239717	0,210663	0,223379	0,21853	0,1581	0,20271	0,205833	0,204093	0,216756	0,198691	0,201475	0,180579
0,37668	0,263689	0,234497	0,247906	0,244868	0,180645	0,227249	0,229394	0,226702	0,239482	0,220151	0,224584	0,20516
0,386638	0,285011	0,256855	0,271633	0,265213	0,204034	0,250253	0,248897	0,247411	0,259378	0,242897	0,243884	0,223185
0,39535	0,313807	0,284742	0,302187	0,298238	0,233133	0,280205	0,276805	0,275523	0,287962	0,2661	0,268816	0,249658
0,408794	0,343356	0,316414	0,331458	0,32702	0,265035	0,309094	0,305927	0,302928	0,317482	0,296027	0,297678	0,275502
0,420239	0,369069	0,340376	0,360087	0,355342	0,291702	0,337614	0,331798	0,330989	0,344567	0,321685	0,323983	0,301166
0,432718	0,403615	0,375725	0,397397	0,390781	0,326648	0,371485	0,364629	0,363317	0,377663	0,354122	0,356188	0,330912
0,443801	0,434176	0,406434	0,430874	0,423784	0,359394	0,404375	0,397318	0,393909	0,411898	0,382433	0,386515	0,358632
0,457082	0,467504	0,437053	0,465476	0,457076	0,391455	0,436606	0,428061	0,425013	0,443589	0,414933	0,417114	0,389555
0,469741	0,505195	0,477549	0,505192	0,498643	0,434272	0,476447	0,465476	0,462381	0,480613	0,451547	0,454327	0,426451
0,481209	0,537922	0,507813	0,540156	0,534407	0,467611	0,510073	0,499034	0,496728	0,516945	0,483786	0,484484	0,456568
0,492843	0,571991	0,54572	0,577821	0,574436	0,505743	0,547516	0,532	0,531979	0,552152	0,517082	0,519123	0,486641
0,503092	0,605132	0,581861	0,617035	0,605791	0,541955	0,585188	0,567965	0,565058	0,591788	0,552336	0,552827	0,522126
0,509413	0,638824	0,608468	0,647193	0,639285	0,575006	0,615985	0,595001	0,592456	0,616844	0,57924	0,580082	0,546387
0,519535	0,670374	0,644532	0,686044	0,675965	0,606153	0,649216	0,629687	0,630334	0,651368	0,609651	0,615884	0,575165
0,525189	0,696853	0,675686	0,716249	0,704536	0,637748	0,675328	0,656603	0,658118	0,679375	0,638738	0,646586	0,606704
0,53281	0,727745	0,696023	0,744853	0,739057	0,662994	0,702365	0,690536	0,68602	0,710446	0,660107	0,666689	0,626787
0,535085	0,75192	0,724543	0,772949	0,762612	0,696157	0,731613	0,708834	0,711824	0,735743	0,690377	0,690098	0,652966
0,534282	0,768896	0,739116	0,791846	0,780318	0,710414	0,74962	0,731701	0,728085	0,753619	0,70852	0,714037	0,666186
0,53662	0,792103	0,760798	0,816362	0,8027	0,724857	0,766259	0,749173	0,747093	0,774383	0,737327	0,725918	0,68928
0,534778	0,799341	0,781118	0,824271	0,815141	0,753493	0,788681	0,766419	0,766823	0,794436	0,749696	0,746528	0,69994
0,537824	0,812345	0,794129	0,855708	0,831824	0,765012	0,806391	0,775257	0,773902	0,802573	0,760484	0,755807	0,704906
0,524176	0,824941	0,795	0,853455	0,835412	0,774019	0,805884	0,784397	0,783896	0,81515	0,756854	0,764742	0,720783
0,531185	0,820612	0,808472	0,856967	0,844341	0,767503	0,82064	0,790641	0,798109	0,81653	0,774015	0,777242	0,722433
0,523853	0,826917	0,805543	0,864504	0,842137	0,781418	0,825319	0,796774	0,787898	0,816558	0,765888	0,765146	0,72983
0,516069	0,820757	0,80947	0,861421	0,855052	0,77512	0,827019	0,803009	0,797813	0,821441	0,775415	0,769388	0,724015
0,508339	0,821448	0,801209	0,859491	0,843068	0,784935	0,822373	0,79126	0,785761	0,816764	0,773024	0,774781	0,725683
0,503646	0,821566	0,808452	0,866302	0,850637	0,774089	0,815955	0,789026	0,783086	0,822591	0,769984	0,774271	0,715009
0,496811	0,821443	0,802427	0,8475	0,834591	0,76524	0,821965	0,790506	0,780161	0,820247	0,766206	0,763734	0,717382
0,48664	0,810101	0,7924	0,846176	0,837637	0,765532	0,80413	0,781805	0,779445	0,817322	0,756023	0,755678	0,709522
0,482778	0,804616	0,793179	0,836755	0,824027	0,76097	0,797761	0,779738	0,774519	0,794992	0,760975	0,748542	0,70153
0,46922	0,800508	0,781456	0,829499	0,824592	0,744995	0,78588	0,768041	0,759443	0,794182	0,742739	0,746089	0,690336
0,46126	0,785342	0,772188	0,822735	0,810699	0,737407	0,77059	0,756144	0,757314	0,78114	0,735292	0,74112	0,685736
0,451349	0,778231	0,753916	0,817847	0,798799	0,73737	0,779946	0,752572	0,753144	0,776402	0,727725	0,718818	0,671021
0,443915	0,775177	0,751779	0,790473	0,782155	0,718085	0,756095	0,740505	0,739178	0,758171	0,714265	0,716933	0,658556
0,433032	0,760302	0,741926	0,7851	0,785474	0,709971	0,753354	0,72299	0,728132	0,750204	0,708416	0,709034	0,645367
0,422161	0,746517	0,727715	0,76617	0,765137	0,687199	0,727126	0,713231	0,715804	0,740809	0,691282	0,68744	0,639842
0,418207	0,730063	0,709401	0,761082	0,752198	0,687393	0,724585	0,708728	0,70176	0,728266	0,681778	0,676975	0,629003
0,406742	0,720315	0,705741	0,744963	0,744726	0,672805	0,710797	0,69303	0,688548	0,716866	0,668684	0,671665	0,619305
0,392633	0,701444	0,691248	0,730931	0,726727	0,655404	0,702667	0,683061	0,67432	0,698482	0,658608	0,65199	0,599869
0,3874	0,685691	0,681617	0,726832	0,707143	0,646137	0,682728	0,668219	0,662681	0,690452	0,648845	0,64282	0,592718
0,377841	0,66932	0,664741	0,697162	0,697627	0,628176	0,669357	0,654594	0,643661	0,68212	0,636253	0,636032	0,581422
0,369936	0,656718	0,648135	0,685418	0,675774	0,613392	0,651572	0,628935	0,640577	0,660684	0,615479	0,614621	0,569448
0,3617	0,654185	0,636869	0,674517	0,671559	0,604393	0,64671	0,627795	0,621289	0,648403	0,609455	0,608305	0,555167
0,351154	0,62332	0,617214	0,662746	0,652881	0,580159	0,627733	0,610981	0,605878	0,631088	0,589643	0,594229	0,546958
0,3457	0,618611	0,609961	0,646404	0,633719	0,566472	0,611545	0,596958	0,596378	0,612696	0,580755	0,57248	0,528225
0,335587	0,606207	0,593091	0,630102	0,627173	0,559049	0,600539	0,590122	0,588228	0,606068	0,566914	0,570413	0,515084
0,325458	0,594383	0,579475	0,616929	0,61236	0,546885	0,591148	0,572402	0,569093	0,595392	0,548334	0,552858	0,506754
0,320622	0,585822	0,567317	0,603891	0,59354	0,527204	0,574135	0,556164	0,555513	0,581277	0,537794	0,539235	0,492743
0,315011	0,57237	0,55244	0,586018	0,587459	0,517833	0,563036	0,550892	0,5424	0,568873	0,533558	0,52528	0,485647
0,308932	0,555334	0,54083	0,579576	0,563622	0,505483	0,543734	0,534546	0,536152	0,558959	0,521266	0,515523	0,474557
0,299743	0,554316	0,536888	0,569394	0,563427	0,499921	0,537544	0,529509	0,523003	0,549281	0,507889	0,510931	0,464308
0,299262	0,538282	0,520983	0,561811	0,546457	0,484922	0,528071	0,513827	0,5117	0,53624	0,495594	0,494227	0,453409
0,291545	0,526959	0,508862	0,545228	0,54064	0,472373	0,518329	0,504333	0,502047	0,526744	0,485293	0,490559	0,444439
0,288287	0,518913	0,502969	0,538476	0,533234	0,462762	0,510797	0,499809	0,498025	0,512213	0,483579	0,480857	0,437818
0,282515	0,510673	0,492924	0,521693	0,521969	0,459548	0,499987	0,491941	0,487565	0,5073	0,476506	0,472907	0,432318
0,278885	0,501937	0,487717	0,518355	0,519608	0,44321	0,493554	0,485302	0,483278	0,500914	0,468627	0,467967	0,424545
0,275025	0,498371	0,47722	0,514815	0,510683	0,437701	0,484391	0,478087	0,480653	0,494395	0,459818	0,459706	0,419223
0,271869	0,489918	0,472857	0,504175	0,493878	0,438632	0,48238	0,474619	0,468716	0,49097	0,457034	0,454455	0,414724
0,267287	0,4859	0,465075	0,502851	0,495701	0,431785	0,471941	0,465532	0,467457	0,483086	0,451219	0,451427	0,409631
0,267225	0,483574	0,464059	0,497227	0,488906	0,422717	0,470733	0,460787	0,459644	0,479774	0,444699	0,448749	0,404111
0,262619	0,477685	0,459842	0,492111	0,48473	0,421522	0,468777	0,457918	0,452639	0,477216	0,442128	0,443225	0,400218
0,260541	0,475593	0,453657	0,492349	0,481588	0,420427	0,460573	0,457239	0,452598	0,476515	0,43928	0,442305	0,400262
0,25739	0,473121	0,454581	0,485387	0,47742	0,41784	0,460519	0,451786	0,452311	0,466037	0,43844	0,433543	0,396703
0,257338	0,473194	0,446994	0,485353	0,476704	0,417287	0,461376	0,451909	0,447485	0,466387	0,433767	0,435453	0,396869
0,254055	0,474125	0,447697	0,480135	0,474977	0,41566	0,462286	0,452053	0,447328	0,46769	0,436561	0,439238	0,397129
0,253613	0,4733	0,446255	0,478523	0,476872	0,408763	0,456372	0,448541	0,445048	0,466047	0,430593	0,434902	0,390228
0,252729	0,468605	0,445199	0,479759	0,471543	0,414193	0,458585	0,451002	0,446	0,465625	0,435534	0,436781	0,393946
0,250626	0,472659	0,441451	0,478844	0,476146	0,414884	0,457977	0,452369	0,443301	0,465256	0,433672	0,438263	0,393107
0,247907	0,47206	0,44389	0,47666	0,473835	0,410855	0,454852	0,451027	0,447033	0,461977	0,43282	0,43314	0,393847
0,248892	0,471277	0,442239	0,472236	0,473488	0,413828	0,455838	0,451997	0,44399	0,463754	0,43105	0,432779	0,393938
0,244715	0,47076	0,440681	0,476243	0,469511	0,411477	0,457029	0,446424	0,446176	0,467821	0,432058	0,43487	0,396609
0,243695	0,471971	0,438899	0,47465	0,472202	0,407616	0,451649	0,445216	0,443405	0,466378	0,428869	0,434969	0,39824
0,238935	0,470091	0,441913	0,476127	0,46929	0,409459	0,454263	0,446662	0,443161	0,464681	0,43122	0,435341	0,393738
0,237695	0,466555	0,435198	0,472338	0,468341	0,406026	0,452584	0,449669	0,442154	0,463232	0,42846	0,433491	0,394992
0,234976	0,468781	0,436042	0,472071	0,465736	0,40397	0,452431	0,443991	0,44228	0,462965	0,431029	0,430959	0,391703
0,233068	0,463844	0,432168	0,469351	0,464571	0,402643	0,451319	0,446491	0,439511	0,461423	0,427549	0,430202	0,392332
0,228546	0,462167	0,431153	0,469652	0,466184	0,405195	0,449037	0,441854	0,436812	0,458512	0,426272	0,427765	0,389701
0,227136	0,459967	0,42496	0,465525	0,45878	0,39708	0,443992	0,439127	0,435242	0,453528	0,422536	0,42563	0,387949
0,224591	0,45716	0,419587	0,462184	0,45682	0,393341	0,441226	0,43599	0,432625	0,451782	0,419044	0,422472	0,385968
0,218345	0,449782	0,415768	0,456734	0,447048	0,391128	0,438645	0,432967	0,426123	0,44597	0,415408	0,417103	0,381321
0,216662	0,445795	0,411702	0,449952	0,44142	0,381868	0,430063	0,426142	0,42431	0,442295	0,409805	0,408415	0,376117
0,213464	0,441409	0,40292	0,445038	0,436875	0,379573	0,427329	0,419419	0,416524	0,437294	0,404343	0,407941	0,369709
0,208604	0,431413	0,39755	0,434855	0,43107	0,371418	0,419867	0,412384	0,409776	0,428116	0,396655	0,399321	0,364184
0,204324	0,425117	0,391087	0,431433	0,424594	0,361024	0,410397	0,407767	0,402669	0,420946	0,392383	0,393435	0,356988
0,199903	0,417831	0,380007	0,420683	0,41727	0,353844	0,401457	0,397305	0,392473	0,411208	0,38132	0,385455	0,34881
0,195974	0,406372	0,372111	0,411066	0,403005	0,342492	0,389851	0,390761	0,386569	0,403992	0,37281	0,37637	0,342339
0,1906	0,398262	0,363076	0,399441	0,393647	0,338248	0,382614	0,379778	0,375934	0,397547	0,364458	0,368363	0,334691
0,184853	0,389497	0,352729	0,390864	0,385573	0,326785	0,372121	0,372234	0,369429	0,38564	0,357833	0,358007	0,324235
0,179931	0,377225	0,346955	0,377316	0,375432	0,313585	0,361965	0,359874	0,357299	0,377148	0,344462	0,347103	0,315249
0,178629	0,370939	0,335083	0,37209	0,366768	0,304409	0,352945	0,35098	0,346635	0,366632	0,337155	0,338043	0,307291
0,170164	0,356452	0,326556	0,358846	0,354557	0,295906	0,341734	0,342669	0,336966	0,354957	0,326363	0,32918	0,296977
0,168245	0,346375	0,316804	0,348397	0,341699	0,283372	0,331035	0,331798	0,32751	0,344482	0,318506	0,320426	0,28647
0,163767	0,335857	0,31016	0,336163	0,334937	0,27584	0,324087	0,321134	0,318925	0,335821	0,308906	0,310692	0,280438
0,157562	0,324209	0,296351	0,327319	0,324622	0,261069	0,309911	0,312708	0,30789	0,324984	0,298036	0,299557	0,269872
0,152424	0,315838	0,28943	0,31822	0,31393	0,253776	0,303277	0,304682	0,299409	0,313945	0,288587	0,29232	0,263722
0,150127	0,308448	0,279245	0,304151	0,302277	0,242463	0,289202	0,292947	0,288322	0,304728	0,281451	0,28453	0,252664
0,147858	0,294843	0,26813	0,296589	0,291347	0,231753	0,277666	0,283274	0,278855	0,293616	0,268887	0,273903	0,243348
0,142685	0,285922	0,261714	0,286934	0,280741	0,222817	0,271664	0,272981	0,273267	0,28585	0,265137	0,263895	0,237529
0,138312	0,276268	0,251129	0,277422	0,27425	0,214158	0,261155	0,265488	0,26316	0,275475	0,254055	0,252033	0,232044
0,135755	0,264779	0,243477	0,268261	0,261228	0,203354	0,250718	0,257893	0,252313	0,268917	0,244358	0,247539	0,222375
0,130121	0,259716	0,234999	0,260905	0,2554	0,198184	0,244022	0,247583	0,246403	0,259175	0,239532	0,237928	0,215521
0,127687	0,248981	0,227349	0,248283	0,245071	0,184772	0,234347	0,240552	0,236509	0,248843	0,228841	0,230957	0,206097
0,122968	0,241514	0,21756	0,241644	0,238335	0,178246	0,228394	0,231669	0,229316	0,23907	0,222436	0,223607	0,198958
0,123728	0,233838	0,212754	0,234181	0,228761	0,170881	0,217499	0,224818	0,220961	0,235323	0,213134	0,213422	0,193296
0,11775	0,225662	0,202175	0,22526	0,222239	0,162947	0,208738	0,218776	0,214824	0,227251	0,20502	0,205538	0,18915
0,115364	0,214809	0,198272	0,216401	0,213471	0,155774	0,202981	0,211673	0,207488	0,217527	0,198993	0,201554	0,180767
0,112622	0,207621	0,188786	0,209455	0,205677	0,148606	0,192949	0,19959	0,196581	0,21116	0,192786	0,194682	0,17406
0,109054	0,201591	0,183187	0,200797	0,198895	0,141512	0,188725	0,195347	0,191997	0,203641	0,185606	0,186357	0,170587
0,10612	0,195489	0,1777	0,196757	0,192318	0,134013	0,179472	0,188543	0,185298	0,197116	0,18045	0,180742	0,161713
0,102113	0,188939	0,173039	0,190058	0,185291	0,126021	0,172457	0,182227	0,17798	0,190643	0,173046	0,175053	0,159981
0,101433	0,18269	0,16585	0,18349	0,17942	0,121315	0,16642	0,176689	0,174968	0,183676	0,167662	0,167961	0,153477
0,097324	0,176769	0,160622	0,174773	0,173943	0,118728	0,163379	0,172693	0,168498	0,180419	0,163093	0,164997	0,149464
0,097502	0,17027	0,154008	0,170114	0,168963	0,108058	0,156651	0,16551	0,161823	0,173597	0,157758	0,159068	0,145348
0,093384	0,166904	0,149546	0,16637	0,162551	0,103939	0,152277	0,160217	0,15686	0,167788	0,152043	0,154635	0,141046
0,091336	0,16272	0,146773	0,161309	0,158481	0,100916	0,145913	0,156839	0,154776	0,16471	0,147428	0,149473	0,136391
0,090429	0,155664	0,140915	0,156395	0,154878	0,094105	0,139914	0,150457	0,149668	0,159052	0,143822	0,14596	0,134223
0,088651	0,152898	0,138306	0,152912	0,14756	0,089554	0,138211	0,146457	0,145467	0,155391	0,139763	0,142273	0,130106
0,086348	0,146823	0,133348	0,147308	0,144938	0,084978	0,133616	0,143951	0,141562	0,149561	0,136631	0,137903	0,125669
0,084767	0,141975	0,129013	0,142539	0,140496	0,082069	0,127472	0,139125	0,135998	0,146853	0,129759	0,134303	0,124668
0,081745	0,138947	0,125819	0,141047	0,136632	0,078158	0,124447	0,132995	0,132827	0,141383	0,128212	0,130923	0,119773
0,081237	0,134958	0,121714	0,135719	0,133037	0,073301	0,121058	0,130462	0,128908	0,137536	0,124005	0,12638	0,117518
0,078278	0,132166	0,117243	0,130614	0,127932	0,069743	0,11668	0,126967	0,125094	0,133552	0,120908	0,122726	0,113744
0,077441	0,127162	0,114937	0,127749	0,125441	0,065015	0,112739	0,122861	0,122158	0,130174	0,118948	0,119756	0,111109
0,075777	0,123207	0,111033	0,124381	0,120878	0,064778	0,110016	0,12165	0,117804	0,126448	0,113735	0,114408	0,106521
0,073244	0,121434	0,10751	0,122363	0,118244	0,059787	0,104404	0,116824	0,11426	0,122167	0,109141	0,112825	0,104395
0,072379	0,118771	0,105381	0,119601	0,113089	0,056987	0,102706	0,114978	0,111229	0,120769	0,107682	0,109281	0,103345
0,070224	0,114874	0,100639	0,11347	0,111976	0,052992	0,098348	0,112184	0,107868	0,118633	0,104716	0,107839	0,09975
0,06952	0,11291	0,099734	0,109852	0,10834	0,047088	0,096186	0,108536	0,105287	0,112555	0,102144	0,104835	0,096939
0,068276	0,109394	0,097542	0,106115	0,105919	0,046567	0,09139	0,103279	0,102522	0,110561	0,098201	0,102198	0,095158
0,065846	0,105216	0,092965	0,10299	0,10215	0,041759	0,087464	0,101127	0,09899	0,107221	0,096586	0,098233	0,092282
0,065706	0,102559	0,089986	0,101032	0,098852	0,040669	0,086507	0,09886	0,094685	0,103834	0,091021	0,09403	0,090559
0,064732	0,098293	0,087858	0,098314	0,096013	0,034846	0,082241	0,09578	0,093439	0,101693	0,089925	0,093193	0,088267
0,060773	0,096361	0,086297	0,095023	0,091693	0,034776	0,080693	0,09159	0,091388	0,0986	0,087349	0,089537	0,083598
0,060055	0,092579	0,081191	0,092844	0,09217	0,031126	0,076247	0,088209	0,087773	0,09443	0,085428	0,086141	0,08397
0,060633	0,089914	0,07876	0,088513	0,087042	0,025243	0,075369	0,086133	0,084031	0,092391	0,082153	0,08417	0,082296
0,057034	0,087384	0,076921	0,086351	0,085278	0,024441	0,071044	0,083576	0,081871	0,088331	0,077486	0,080246	0,077698
0,056116	0,085253	0,074927	0,082714	0,082982	0,021826	0,068119	0,080038	0,079885	0,08639	0,073964	0,079037	0,077788
0,055136	0,08203	0,072335	0,080783	0,077933	0,019264	0,065107	0,079038	0,077474	0,082596	0,072113	0,075897	0,072271
0,05335	0,079183	0,069176	0,078805	0,074626	0,016862	0,062421	0,075745	0,073727	0,081446	0,071226	0,074593	0,072228
0,052088	0,076491	0,06702	0,075058	0,075118	0,014103	0,059035	0,073832	0,072127	0,078498	0,06854	0,07161	0,070088
0,05028	0,074973	0,064981	0,072419	0,071669	0,011142	0,057823	0,072249	0,069604	0,074328	0,065454	0,069761	0,066287
0,049242	0,07232	0,062384	0,070833	0,068616	0,008597	0,056693	0,069279	0,066074	0,071751	0,064539	0,066493	0,064847
0,048114	0,070698	0,060908	0,068555	0,067012	0,006822	0,05259	0,065382	0,06559	0,070094	0,062024	0,063615	0,063427
0,047354	0,066831	0,057463	0,06482	0,063795	0,002608	0,051801	0,064011	0,062498	0,067576	0,058897	0,061786	0,061113
0,044995	0,065032	0,056402	0,064441	0,061729	0,001749	0,048096	0,063287	0,060963	0,066302	0,057446	0,060333	0,059117
0,04576	0,062613	0,054943	0,061408	0,060786	0,000358	0,046455	0,060192	0,059062	0,063927	0,054739	0,058095	0,057661
0,043559	0,060919	0,052632	0,058997	0,058186	-0,003298	0,044469	0,058774	0,056516	0,061523	0,053156	0,056058	0,054722
0,041878	0,059188	0,050637	0,058631	0,056453	-0,004304	0,04266	0,056534	0,054797	0,060149	0,051859	0,054916	0,05412
0,042681	0,058082	0,049043	0,05553	0,054475	-0,005037	0,041686	0,054874	0,053698	0,058865	0,049775	0,053431	0,051966
0,041617	0,056219	0,048105	0,053654	0,053678	-0,006527	0,039034	0,053831	0,050896	0,056668	0,048689	0,050967	0,050463
0,039668	0,054649	0,047323	0,053622	0,051858	-0,009131	0,037251	0,050546	0,048898	0,055017	0,047694	0,049692	0,048996
0,038077	0,053051	0,044326	0,051412	0,050415	-0,011521	0,035499	0,050383	0,047951	0,052977	0,045191	0,048506	0,048019
0,037985	0,051278	0,044038	0,049895	0,048396	-0,011296	0,034506	0,04774	0,047404	0,051933	0,043714	0,047568	0,046901
0,036948	0,049882	0,042276	0,048489	0,04739	-0,011616	0,033238	0,047188	0,046127	0,050383	0,042311	0,045761	0,045276
0,036025	0,048748	0,041503	0,047285	0,046216	-0,015632	0,031292	0,046882	0,043814	0,04908	0,041294	0,044539	0,044529
0,035539	0,047307	0,040587	0,04642	0,045696	-0,016789	0,030301	0,045441	0,042805	0,047887	0,040189	0,042745	0,043163
0,034516	0,04695	0,039907	0,044824	0,043919	-0,017286	0,028677	0,043679	0,04208	0,045618	0,038683	0,042074	0,0426
0,033563	0,044684	0,037532	0,044303	0,042165	-0,016269	0,028332	0,043396	0,040313	0,045703	0,037848	0,041548	0,041384
0,032062	0,043907	0,038095	0,04277	0,041764	-0,02024	0,026701	0,041588	0,039631	0,04403	0,037584	0,039902	0,040733
0,031772	0,042732	0,036646	0,041792	0,040937	-0,022552	0,026516	0,040677	0,0393	0,042919	0,036301	0,039217	0,039419
0,031111	0,041981	0,036226	0,041144	0,039688	-0,022904	0,025399	0,039942	0,038341	0,042303	0,035891	0,038642	0,03859
0,029815	0,041667	0,035082	0,040152	0,038672	-0,021483	0,024959	0,039459	0,038197	0,041416	0,03462	0,03754	0,037869
0,028887	0,040413	0,033569	0,039806	0,037485	-0,023483	0,024406	0,038902	0,036098	0,040554	0,034475	0,037876	0,037585
0,028841	0,040649	0,033867	0,039464	0,037581	-0,023486	0,023607	0,038674	0,035529	0,039901	0,033781	0,036547	0,036355
0,028437	0,040207	0,033263	0,038311	0,0379	-0,02321	0,021654	0,036954	0,035493	0,039509	0,033445	0,035621	0,036019
0,027183	0,039694	0,032372	0,03861	0,036215	-0,024535	0,021407	0,035903	0,034452	0,038976	0,032816	0,035387	0,035039
0,027709	0,037873	0,0333	0,037037	0,036475	-0,02473	0,020864	0,035814	0,034761	0,039177	0,031927	0,034414	0,035083
0,026976	0,038182	0,032011	0,035882	0,035373	-0,025423	0,021602	0,035603	0,033625	0,037306	0,031898	0,034475	0,033791
0,027155	0,037643	0,031473	0,036829	0,035369	-0,026473	0,019878	0,034691	0,033557	0,038263	0,030483	0,033092	0,033865
0,026095	0,037083	0,031254	0,035939	0,035534	-0,027136	0,020261	0,034407	0,033103	0,037842	0,031391	0,033432	0,033032
0,02663	0,037334	0,031685	0,036003	0,035529	-0,027196	0,020012	0,035704	0,032592	0,036132	0,030333	0,032511	0,033491
0,0255	0,03613	0,029788	0,035163	0,033725	-0,026739	0,018859	0,033983	0,031871	0,037527	0,02934	0,03272	0,032356
0,024804	0,035413	0,030192	0,034809	0,035417	-0,025874	0,01916	0,034008	0,031695	0,037202	0,029998	0,03236	0,032291
0,02456	0,035762	0,029916	0,035074	0,034917	-0,027262	0,018896	0,034308	0,033048	0,035414	0,030317	0,03251	0,031756
0,024956	0,035968	0,03076	0,036416	0,033888	-0,026542	0,018252	0,034193	0,031395	0,035581	0,028671	0,032268	0,031388
0,023878	0,034971	0,030738	0,035008	0,034624	-0,027359	0,01792	0,03358	0,031529	0,036367	0,030414	0,031607	0,031109
0,023327	0,036215	0,030309	0,034971	0,034234	-0,028608	0,017543	0,033316	0,031909	0,036422	0,028682	0,032374	0,031109
0,023507	0,036268	0,030896	0,03469	0,034268	-0,026789	0,017946	0,0329	0,031051	0,035992	0,029328	0,031777	0,030591
0,024336	0,034685	0,029743	0,035743	0,0334	-0,027986	0,017273	0,033424	0,032717	0,035367	0,028705	0,032004	0,031245
0,022207	0,034924	0,030621	0,034445	0,032851	-0,029113	0,017742	0,033805	0,030577	0,036252	0,028051	0,031729	0,031004
0,022347	0,036286	0,030989	0,034275	0,03418	-0,027511	0,017279	0,033114	0,030899	0,035613	0,02791	0,031934	0,031764
0,022303	0,035662	0,030104	0,03482	0,033591	-0,027848	0,0179	0,032572	0,031806	0,03559	0,028149	0,031511	0,030963
0,021322	0,035184	0,030216	0,035879	0,033464	-0,028208	0,018441	0,032866	0,030991	0,034849	0,028896	0,030876	0,030582
0,021244	0,034863	0,030546	0,033826	0,034065	-0,02888	0,017283	0,032966	0,030721	0,034096	0,028011	0,030333	0,029606
0,020985	0,034186	0,030315	0,034663	0,033462	-0,026289	0,018033	0,033119	0,031918	0,034687	0,029251	0,031318	0,0301
0,021697	0,034464	0,030224	0,034504	0,033698	-0,02911	0,015901	0,032739	0,031218	0,035433	0,028199	0,030854	0,030497
0,019598	0,035813	0,029355	0,03379	0,033994	-0,029383	0,017754	0,033633	0,031919	0,035188	0,02745	0,031581	0,030402
0,018308	0,033999	0,029757	0,034973	0,032451	-0,029907	0,017199	0,033133	0,03061	0,034628	0,027083	0,030767	0,030374
0,019273	0,034243	0,03008	0,034899	0,033451	-0,02809	0,016435	0,032413	0,030371	0,03427	0,028233	0,030206	0,029498
0,020048	0,033738	0,02981	0,034365	0,033407	-0,029132	0,017303	0,032672	0,030301	0,034288	0,027571	0,029352	0,028802
0,019005	0,033184	0,028746	0,033873	0,033411	-0,029339	0,016593	0,031942	0,030012	0,033766	0,028157	0,030254	0,029232
0,01897	0,033005	0,027823	0,033168	0,032937	-0,030914	0,015918	0,032378	0,029242	0,033465	0,027471	0,029695	0,027658
0,018924	0,033157	0,028122	0,03414	0,032328	-0,030481	0,016354	0,031648	0,029573	0,033187	0,027827	0,029942	0,027041
0,018554	0,033117	0,029028	0,033355	0,031983	-0,029601	0,015567	0,031559	0,029449	0,034019	0,027039	0,028926	0,026617
0,018166	0,032826	0,028192	0,032764	0,031695	-0,028744	0,014919	0,031332	0,028477	0,032581	0,02575	0,028839	0,027086
0,017588	0,031651	0,028276	0,03221	0,031989	-0,029492	0,014919	0,030357	0,029599	0,032834	0,026177	0,028473	0,026109
0,0174	0,032209	0,0278	0,032689	0,031398	-0,032402	0,014279	0,03094	0,028525	0,032078	0,026135	0,028051	0,026148
0,017491	0,031704	0,027849	0,031987	0,031055	-0,032602	0,013902	0,030376	0,028105	0,032006	0,025976	0,028093	0,025396
0,016682	0,03119	0,027026	0,031652	0,031068	-0,031695	0,014012	0,029826	0,028076	0,031696	0,025244	0,027516	0,025701
0,016929	0,031358	0,026916	0,031809	0,030084	-0,030005	0,013203	0,029197	0,027044	0,031176	0,024217	0,026709	0,02461
0,017116	0,031089	0,026358	0,030231	0,029313	-0,03278	0,012146	0,029332	0,027023	0,030797	0,025171	0,026523	0,024345
0,01623	0,030641	0,025954	0,03058	0,029365	-0,034012	0,011608	0,02928	0,026184	0,030163	0,024925	0,025946	0,023685
0,016091	0,029505	0,025229	0,029995	0,028438	-0,032429	0,011845	0,028389	0,02674	0,029816	0,024164	0,025481	0,023013
0,015951	0,02912	0,025191	0,029155	0,028384	-0,032414	0,010978	0,027897	0,026087	0,029373	0,02336	0,025247	0,022909
0,015768	0,028935	0,024649	0,028621	0,028035	-0,037219	0,010696	0,027407	0,025567	0,028796	0,023099	0,024967	0,02248
0,015731	0,028101	0,02457	0,028503	0,027363	-0,035758	0,010058	0,026692	0,024838	0,028373	0,022797	0,024717	0,021934
0,015794	0,027925	0,023698	0,027253	0,026915	-0,034747	0,009543	0,026191	0,02482	0,027629	0,022244	0,023626	0,021103
0,015377	0,027322	0,022964	0,028062	0,027097	-0,035279	0,009044	0,026166	0,024651	0,026978	0,021748	0,023526	0,021008
0,015832	0,027142	0,023329	0,026784	0,025706	-0,035827	0,00768	0,024799	0,023166	0,026453	0,020879	0,023665	0,020263
0,016177	0,026733	0,02284	0,026963	0,025605	-0,036962	0,00805	0,024832	0,023078	0,026019	0,020652	0,022786	0,019782
0,015096	0,026666	0,021222	0,025711	0,025755	-0,038478	0,006991	0,024236	0,022674	0,025341	0,020057	0,022345	0,018863
0,015204	0,025233	0,021902	0,025237	0,023575	-0,038595	0,007132	0,02386	0,021338	0,025147	0,020391	0,021747	0,018572
0,015282	0,025132	0,021147	0,025336	0,024969	-0,038462	0,006208	0,024461	0,021265	0,024763	0,01862	0,020838	0,018201
0,015254	0,02535	0,020662	0,02449	0,023362	-0,039848	0,0054	0,022734	0,021156	0,023747	0,019196	0,020518	0,01787
0,016245	0,024495	0,020007	0,023799	0,022613	-0,038984	0,005103	0,022787	0,020225	0,024085	0,019029	0,020042	0,017177
0,015986	0,023589	0,019418	0,024303	0,022999	-0,0398	0,00446	0,02159	0,020146	0,022767	0,01815	0,019773	0,016677
0,01576	0,022713	0,02005	0,022963	0,022393	-0,040956	0,004148	0,022416	0,020242	0,022474	0,01782	0,018383	0,016202
0,015469	0,023335	0,01982	0,021915	0,022086	-0,040608	0,003502	0,022185	0,019166	0,021978	0,017494	0,018489	0,016156
0,015701	0,021824	0,018826	0,022455	0,021386	-0,041044	0,003112	0,021154	0,019801	0,022067	0,016319	0,019141	0,0152
0,016081	0,021729	0,018182	0,021811	0,019951	-0,041367	0,002655	0,020643	0,019388	0,021503	0,016242	0,017221	0,01447
0,015566	0,02252	0,017198	0,02086	0,021207	-0,041636	0,001511	0,020672	0,017991	0,021251	0,015513	0,017117	0,014722
0,016485	0,02178	0,01648	0,02104	0,019879	-0,042489	0,001699	0,020324	0,017095	0,020142	0,015675	0,0162	0,01357
0,01595	0,020374	0,017393	0,020222	0,019482	-0,042899	0,00181	0,019634	0,016916	0,020428	0,014902	0,016253	0,013372
0,015547	0,02084	0,016403	0,019977	0,018997	-0,043209	0,001121	0,019274	0,01666	0,01953	0,015537	0,015839	0,012899
0,01592	0,019714	0,016513	0,019224	0,018842	-0,043128	0,000323	0,018756	0,016614	0,019026	0,014962	0,015133	0,0122
0,015082	0,019322	0,015486	0,019008	0,018155	-0,044517	-0,000218	0,018276	0,016104	0,018365	0,013812	0,014856	0,012135
0,015084	0,018879	0,015101	0,018668	0,017828	-0,045413	-0,000812	0,018207	0,015225	0,018373	0,013614	0,01455	0,01198
0,015189	0,018378	0,014872	0,019189	0,01706	-0,044406	-0,001326	0,017466	0,015513	0,01782	0,013612	0,014467	0,010964
0,014681	0,018788	0,014188	0,017726	0,017198	-0,047858	-0,002155	0,016674	0,01531	0,017015	0,013268	0,013881	0,010318
0,014198	0,018701	0,014241	0,017504	0,016717	-0,048565	-0,001928	0,016237	0,014094	0,0165	0,013284	0,013799	0,010484
0,014892	0,017936	0,012782	0,016245	0,016322	-0,046837	-0,001976	0,015685	0,014027	0,016879	0,01207	0,012962	0,009249
0,013735	0,017283	0,013119	0,016123	0,015069	-0,046859	-0,003513	0,015499	0,013308	0,015753	0,011997	0,013038	0,009307
0,013247	0,017349	0,013438	0,016125	0,015609	-0,046596	-0,003629	0,01493	0,013167	0,015284	0,01054	0,012411	0,00883
0,013887	0,016781	0,01319	0,015597	0,015052	-0,047325	-0,004536	0,01456	0,012775	0,013996	0,010491	0,012024	0,00882
0,01344	0,015219	0,011263	0,014283	0,01448	-0,047691	-0,004613	0,014122	0,013282	0,01438	0,010518	0,011572	0,009258
0,012782	0,015599	0,011866	0,01438	0,013913	-0,048693	-0,005184	0,013491	0,01238	0,014084	0,009608	0,010593	0,007825
0,012699	0,015518	0,010538	0,013787	0,013254	-0,049649	-0,005021	0,012963	0,01142	0,013173	0,00952	0,009843	0,006685
0,011958	0,014416	0,010509	0,013191	0,013124	-0,050369	-0,006407	0,01264	0,010752	0,013342	0,008558	0,010365	0,006977
0,01191	0,013552	0,009768	0,014019	0,012643	-0,05077	-0,006262	0,012902	0,010172	0,012965	0,009156	0,009492	0,007065
0,012204	0,01362	0,009891	0,012324	0,012927	-0,052137	-0,006812	0,012397	0,009946	0,011999	0,008045	0,009432	0,006184
0,012077	0,013574	0,009792	0,011956	0,012529	-0,052348	-0,007995	0,012166	0,009733	0,011906	0,008901	0,00917	0,00578
0,011143	0,012811	0,00911	0,012243	0,011558	-0,051884	-0,007499	0,011781	0,009264	0,011766	0,007509	0,009058	0,005758
0,010792	0,012778	0,008244	0,011589	0,011565	-0,052414	-0,007772	0,012406	0,008106	0,011343	0,007839	0,007624	0,005183
0,011606	0,012803	0,00837	0,010869	0,011247	-0,05355	-0,008341	0,010342	0,008581	0,010559	0,007384	0,007381	0,0053
0,01115	0,012498	0,008033	0,0107	0,01065	-0,051632	-0,009362	0,010208	0,008731	0,010695	0,007464	0,006872	0,004309
0,010825	0,011302	0,007501	0,010884	0,010598	-0,053244	-0,009427	0,00997	0,008543	0,011186	0,006162	0,007729	0,003839
0,011209	0,011441	0,0066	0,010156	0,009974	-0,052089	-0,009576	0,010028	0,008202	0,009884	0,006064	0,00623	0,003868
0,010771	0,010386	0,006898	0,010071	0,009399	-0,053609	-0,010014	0,009576	0,007543	0,00942	0,006117	0,006525	0,002761
0,011202	0,010735	0,007514	0,009708	0,008962	-0,053819	-0,010937	0,010386	0,007707	0,009247	0,005606	0,006523	0,003243
0,010531	0,011205	0,007281	0,009559	0,0085	-0,053829	-0,010779	0,009502	0,007487	0,009976	0,00574	0,00552	0,002725
0,010135	0,009858	0,006065	0,008509	0,009092	-0,055194	-0,011452	0,0096	0,007191	0,008891	0,004994	0,005724	0,001633
0,010337	0,010498	0,006581	0,008265	0,009166	-0,055008	-0,011541	0,008647	0,006366	0,009052	0,005849	0,0056	0,002233
0,010104	0,009789	0,005616	0,008882	0,007719	-0,055136	-0,011859	0,007662	0,006761	0,008714	0,004685	0,00486	0,002051
0,010979	0,009799	0,005567	0,008769	0,008827	-0,056207	-0,012555	0,008351	0,006352	0,007963	0,0053	0,005175	0,002276
0,010452	0,009259	0,005455	0,007956	0,00793	-0,055666	-0,013624	0,007689	0,006791	0,007001	0,004577	0,004613	0,001524
0,011299	0,009367	0,004785	0,007609	0,007541	-0,056242	-0,012788	0,007663	0,006212	0,007702	0,004204	0,004513	0,001424
0,010294	0,008948	0,005628	0,007822	0,007735	-0,054563	-0,012847	0,007938	0,00523	0,006528	0,004761	0,004055	0,001417
0,011258	0,008711	0,003872	0,007265	0,007032	-0,056051	-0,013525	0,007433	0,00531	0,007097	0,004283	0,004556	0,000711
0,010961	0,0089	0,004309	0,006641	0,007132	-0,05643	-0,013931	0,006891	0,005229	0,00711	0,003971	0,004269	0,000987
0,010416	0,008119	0,004598	0,007295	0,006936	-0,053994	-0,014255	0,006843	0,004887	0,006713	0,00277	0,003337	-0,000332
0,01095	0,008343	0,003823	0,005842	0,006541	-0,054171	-0,014749	0,00714	0,003866	0,005887	0,003361	0,003042	0,000657
0,011277	0,009065	0,003723	0,006956	0,007011	-0,05505	-0,0137	0,006634	0,004612	0,00566	0,003962	0,003486	-0,000483
0,012033	0,00804	0,003605	0,005431	0,0056	-0,055218	-0,014478	0,006552	0,004409	0,005867	0,002878	0,003437	-0,000363
0,011293	0,007819	0,002929	0,006322	0,006252	-0,056397	-0,015301	0,006294	0,003802	0,005595	0,003186	0,002936	-0,000074
0,011654	0,007252	0,003823	0,006824	0,005787	-0,055592	-0,016189	0,006686	0,003328	0,005676	0,002756	0,003074	-0,000083
0,0126	0,007625	0,002528	0,005885	0,005824	-0,054692	-0,015542	0,005041	0,003211	0,005094	0,002376	0,00302	-0,000014
0,012479	0,008279	0,002988	0,005474	0,005939	-0,055357	-0,015074	0,005928	0,003612	0,004659	0,002368	0,001905	0,000211
0,012647	0,007017	0,003321	0,006056	0,004913	-0,057771	-0,015068	0,005784	0,003111	0,005102	0,003043	0,001738	-0,000642
0,013795	0,007204	0,002294	0,005842	0,005712	-0,05648	-0,016	0,005244	0,004384	0,004902	0,002236	0,002729	-0,000426
0,013632	0,008369	0,003647	0,005175	0,005518	-0,056923	-0,015843	0,005841	0,003757	0,005136	0,002224	0,001909	-0,000841
0,012631	0,006658	0,002835	0,005451	0,005718	-0,055799	-0,014961	0,004873	0,003128	0,004588	0,001706	0,002533	-0,001429
0,013915	0,007113	0,003161	0,004643	0,005768	-0,05466	-0,015189	0,006381	0,004807	0,005354	0,002287	0,002142	-0,000214
0,014691	0,007114	0,003198	0,005712	0,005311	-0,057313	-0,017093	0,006831	0,003443	0,006603	0,001062	0,002205	-0,001311
0,015828	0,008197	0,002364	0,007211	0,005369	-0,054527	-0,015092	0,007137	0,004638	0,005336	0,00255	0,000995	0,00104
0,016115	0,007433	0,002645	0,00735	0,006207	-0,05564	-0,016582	0,006138	0,004592	0,004296	0,002465	0,002176	-0,000425
0,015557	0,008775	0,002054	0,005342	0,005752	-0,054331	-0,015096	0,006594	0,00405	0,00581	0,002104	0,002284	-0,000197
0,016395	0,007871	0,003496	0,006544	0,007364	-0,054003	-0,015488	0,007392	0,004579	0,005153	0,005126	0,002225	0,000758
0,017633	0,009405	0,003384	0,005004	0,00688	-0,054056	-0,016453	0,006899	0,005196	0,007534	0,004204	0,003969	0,000348
0,018006	0,009908	0,003909	0,007032	0,006452	-0,054846	-0,014953	0,007702	0,004928	0,006396	0,003668	0,002717	0,000433
0,017044	0,008806	0,006887	0,008424	0,007413	-0,053832	-0,015639	0,007628	0,004614	0,007139	0,003867	0,005063	0,001368
0,018625	0,010019	0,006231	0,00803	0,007363	-0,053095	-0,016208	0,008655	0,007506	0,007918	0,003772	0,004251	0,000706
0,019091	0,011212	0,005104	0,00726	0,007744	-0,052885	-0,013097	0,009322	0,006913	0,007735	0,005308	0,005303	0,000984
0,018985	0,012018	0,006058	0,009975	0,010297	-0,051881	-0,012608	0,009908	0,00764	0,006969	0,005712	0,004783	0,003023
0,020164	0,012823	0,006704	0,010515	0,00887	-0,051392	-0,013535	0,010638	0,008641	0,008494	0,006501	0,005595	0,002311
0,018174	0,012417	0,008259	0,010918	0,010014	-0,050016	-0,012676	0,008821	0,008656	0,009598	0,006373	0,00742	0,003784
0,019422	0,012533	0,006653	0,011618	0,010786	-0,051451	-0,012669	0,010693	0,008116	0,010146	0,007029	0,006528	0,004055
0,020457	0,013648	0,006577	0,01079	0,013121	-0,048763	-0,011432	0,010339	0,00853	0,01153	0,00824	0,00794	0,004948
0,020286	0,014704	0,01032	0,011485	0,011421	-0,048947	-0,012437	0,011518	0,00918	0,013167	0,00741	0,008906	0,004782
0,020289	0,014694	0,010002	0,013141	0,012852	-0,049648	-0,011898	0,011495	0,009865	0,010722	0,007184	0,008836	0,005823
