1
0.1
0.01
0.001
0.0001
0.00001
0.000001
0.0000001
0.00000001
0.000000001
0.0000000001
0.00000000001
0.000000000001
0.0000000000001
0,003428	0,002189	0,061682	0,012978	0,013858	0,001437	-0,013309	-0,006556	0,016997	-0,004655	-0,010808	-0,004554	-0,010741	-0,007611
0,000845	0,000555	0,063564	0,011955	0,016068	0,00202	-0,012757	-0,003558	0,017074	-0,004986	-0,007874	-0,005665	-0,010935	-0,007801
0,000948	0,001334	0,063955	0,011458	0,013665	0,00061	-0,012458	-0,002093	0,016646	-0,005105	-0,008909	-0,004796	-0,009803	-0,007301
0,001407	0,001011	0,064528	0,011833	0,013771	-0.000058	-0,012169	-0,002366	0,017298	-0,005011	-0,008432	-0,005303	-0,010684	-0,006948
0,001095	0,002208	0,05833	0,01185	0,014203	-0,000865	-0,013058	-0,002822	0,016469	-0,003961	-0,008073	-0,00448	-0,010047	-0,005819
-0,000892	0,001309	0,064341	0,011179	0,014034	0,001656	-0,012107	-0,004697	0,017393	-0,005183	-0,008309	-0,004279	-0,011199	-0,007125
0,000522	-0,002058	0,066138	0,012533	0,013861	0,000715	-0,014235	-0,003178	0,017034	-0,006177	-0,007646	-0,001577	-0,011242	-0,006521
0,002578	-0,000161	0,063973	0,013349	0,01593	-0,00241	-0,011854	-0,003873	0,016601	-0,00567	-0,005851	-0,0022	-0,009649	-0,007418
0,001265	0,000538	0,064142	0,012147	0,016951	0,000755	-0,011367	-0,002829	0,015631	-0,004025	-0,009568	-0,003428	-0,011315	-0,006112
0,002891	0,00215	0,065151	0,010808	0,01502	0,00036	-0,010107	-0,004422	0,01891	-0,00301	-0,005725	-0,002791	-0,010745	-0,005981
0,002776	0,002349	0,06553	0,011665	0,015086	-0,001205	-0,009591	-0,00374	0,015083	-0,004277	-0,007059	-0,003165	-0,010963	-0,005982
0,001382	0,000767	0,063504	0,012285	0,013447	-0,000177	-0,009844	-0,00261	0,017285	-0,002433	-0,005877	-0,004574	-0,009445	-0,008081
0,000402	0,002058	0,064631	0,010754	0,015701	0,000352	-0,011551	-0,001663	0,01761	-0,006801	-0,006262	-0,0048	-0,010121	-0,008197
0,002437	0,001499	0,06184	0,011726	0,015029	-0,000857	-0,010919	-0,003193	0,017443	-0,004073	-0,008742	-0,00407	-0,009115	-0,008238
0,00152	0,000806	0,061837	0,011704	0,016079	0,000197	-0,011703	-0,001607	0,018152	-0,00513	-0,006052	-0,004362	-0,009531	-0,00603
0,001369	0,000225	0,063989	0,0107	0,014492	-0.000099	-0,012246	-0,003645	0,016171	-0,004847	-0,008149	-0,004177	-0,010496	-0,005973
0,001846	0,001003	0,064342	0,011526	0,015547	0,000464	-0,011621	-0,002306	0,017537	-0,004203	-0,007296	-0,004625	-0,009566	-0,006238
0,001423	0,001565	0,061215	0,011926	0,015258	0,000252	-0,011271	-0,003037	0,016953	-0,004138	-0,007242	-0,004082	-0,009743	-0,006221
0,002542	0,002212	0,057975	0,012013	0,014808	0,00012	-0,011209	-0,00383	0,016562	-0,003793	-0,006439	-0,004874	-0,009374	-0,00546
0,000852	0,001983	0,061365	0,012285	0,015625	0,000326	-0,012009	-0,003757	0,016419	-0,003296	-0,007143	-0,004113	-0,010144	-0,005838
0,004064	0,004461	0,063439	0,012983	0,016052	0,000711	-0,012154	-0,002487	0,019078	-0,004495	-0,00849	-0,004089	-0,009008	-0,006678
0,000666	0,000473	0,066177	0,008921	0,016175	-0,000348	-0,010564	-0,001304	0,01849	-0,005058	-0,008047	0,000309	-0,007439	-0,00574
0,003294	0,00143	0,064797	0,012219	0,014593	0,000515	-0,007642	-0,003058	0,017751	-0,003741	-0,006388	-0,003192	-0,012415	-0,00588
0,003872	0,003517	0,069754	0,011857	0,015474	-0,000915	-0,017129	-0,001261	0,019663	-0,004247	-0,007868	-0,007727	-0,012252	-0,006324
0,001415	0,001235	0,066364	0,014458	0,018231	-0,000066	-0,010821	-0,004086	0,017589	-0,005193	-0,010247	-0,006039	-0,009713	-0,00836
0,001017	0,001525	0,067274	0,011896	0,018245	-0,003784	-0,010086	-0,002383	0,014831	-0,003282	-0,005011	-0,004489	-0,006491	-0,007493
-0,000725	-0,00309	0,066964	0,00942	0,013979	0,000528	-0,011176	-0,000912	0,020975	-0,004638	-0,007744	-0,001243	-0,007579	-0,009011
0,00403	0,001677	0,070078	0,013	0,016736	-0,000782	-0,007169	-0,002785	0,016424	-0,005118	-0,008514	-0,006816	-0,008012	-0,006215
0,005046	0,004764	0,066766	0,012984	0,01452	0,000671	-0,012164	-0,001294	0,015994	-0,003681	-0,004056	-0,004206	-0,011711	-0,006578
0,005223	0,003547	0,067518	0,014524	0,018339	-0,002149	-0,011245	-0,003693	0,018702	-0,000982	-0,003558	-0,005051	-0,009668	-0,005125
0,001349	0,005556	0,065078	0,013513	0,015664	0,000301	-0,012317	-0,003178	0,015829	-0,004436	-0,009181	-0,004213	-0,005412	-0,006906
-0,001626	-0,000573	0,070224	0,013031	0,01427	-0,00006	-0,011056	-0,006025	0,020597	-0,002654	-0,006433	-0,006236	-0,006407	-0,006171
0,000843	0,002759	0,066133	0,012267	0,015003	0,002012	-0,00953	-0,001934	0,017808	-0,004217	-0,007954	-0,004049	-0,00917	-0,00491
0,001533	0,005584	0,068189	0,01369	0,013468	0,002126	-0,007579	-0,000212	0,019862	-0,006459	-0,009269	-0.000035	-0,009104	-0,004583
-0,001183	0,00186	0,066426	0,011363	0,013923	-0,001256	-0,010909	0,000397	0,019571	-0,006071	-0,006312	-0,000878	-0,009584	-0,008359
0,003666	-0,002834	0,072021	0,012896	0,014635	0,000745	-0,008424	-0,002416	0,020374	-0,004038	-0,003919	-0,00268	-0,009285	-0,009984
0,00292	-0,000168	0,069662	0,011147	0,015409	0,005752	-0,011169	-0,000408	0,020935	0,000884	-0,003179	-0,003016	-0,009762	-0,00557
0,003249	0,000775	0,069915	0,010657	0,020013	0,001559	-0,008387	-0,003786	0,017836	-0,0034	-0,004978	-0,003683	-0,007104	-0,003154
0,002045	0,000368	0,071583	0,012689	0,016196	-0,005317	-0,012666	-0,006641	0,014759	-0,002566	-0,005266	-0,000994	-0,006855	-0,007828
0,004576	0,00295	0,066995	0,014617	0,019219	-0,003518	-0,010297	-0,005307	0,018625	0,001259	-0,006531	-0,003766	-0,010863	-0,008318
0,003412	0,000131	0,069682	0,01117	0,017856	0,002525	-0,012045	-0,003023	0,015146	-0,001095	-0,006934	-0,007137	-0,004912	-0,007341
-0,000325	0,005904	0,067684	0,0145	0,014885	-0,002515	-0,007583	-0,000647	0,018904	-0,009174	-0,002387	-0,007997	-0,008585	-0,003997
0,003701	0,006928	0,069596	0,009039	0,013937	0,003327	-0,006754	-0,000352	0,023513	-0,004172	-0,00935	-0,002596	-0,005658	-0,005645
0,00133	0,006892	0,062409	0,010469	0,011562	0,001664	-0,00958	0,000936	0,017114	-0,001646	-0,008986	-0,00141	-0,010251	-0,004896
0,003855	-0,002212	0,066634	0,01316	0,014806	-0,00025	-0,007125	0,00627	0,01798	-0,003573	-0,007048	-0,001628	-0,008643	-0,005183
0,001677	0,003531	0,067317	0,011858	0,019047	0,003093	0,000359	-0,00341	0,013882	-0,000685	-0,00965	-0,000399	-0,008711	-0,006918
0,003827	0,003758	0,071073	0,013032	0,015026	0,002132	-0,01255	-0,001102	0,020981	-0,004745	-0,009626	-0,004458	-0,008807	-0,01038
-0,000449	-0,00326	0,062779	0,012951	0,021498	-0,00309	-0,014226	-0,002852	0,01629	-0,007767	-0,002039	-0,003747	-0,004705	-0,00782
0,002989	-0,002075	0,071418	0,008005	0,018786	0,001344	-0,010056	-0,002421	0,020924	-0,000783	-0,003569	-0,003683	-0,007587	-0,009354
0,000842	0,001879	0,070712	0,011038	0,018265	0,003442	-0,007343	-0,000369	0,016521	-0,00319	0,000736	0,002403	-0,006643	-0,006788
0,0027	0,001454	0,074272	0,013048	0,021328	-0,001842	-0,006288	-0,001347	0,023615	-0,002176	-0,005039	-0,003157	-0,010919	-0,005524
0,000225	0,00347	0,069586	0,014148	0,014404	0,001959	-0,007254	0,000376	0,019122	-0,00083	-0,004857	-0,000968	-0,00473	-0,007966
0,001325	0,004377	0,069355	0,013254	0,012494	0,003319	-0,006185	-0,003669	0,016271	-0,001499	-0,004156	-0,002497	-0,00531	-0,003575
0,006763	0,002615	0,071061	0,013337	0,015552	-0,000468	-0,005288	-0,000837	0,018635	-0,00034	-0,004083	-0,007811	-0,012972	-0,006024
0,000155	0,000432	0,07157	0,010481	0,015458	0,003293	-0,01017	0,000545	0,02185	0,000789	-0,008431	0,00049	-0,011211	-0,006741
-0,000958	0,003728	0,070382	0,012905	0,016286	-0,003099	-0,011256	0,002969	0,02031	-0,0033	-0,004753	-0,00306	-0,009176	-0,012021
-0,003183	-0,001277	0,069579	0,009962	0,014875	0,003267	-0,005165	-0,004241	0,022316	-0,000968	-0,003728	-0,001437	-0,008561	-0,007572
0,002833	-0,000173	0,069208	0,011143	0,019229	0,004084	-0,009785	0,001475	0,015616	-0,002017	-0,006189	-0,005451	-0,010067	-0,008824
0,004623	0,002276	0,065211	0,014323	0,018211	0,001234	-0,006709	-0,000259	0,017112	-0,002366	-0,005511	-0,001511	-0,0104	-0,007665
0,00511	0,003909	0,068579	0,014354	0,019189	0,003529	-0,011408	-0,002618	0,020548	-0,002677	-0,004531	-0,001227	-0,010936	-0,007354
0,00393	0,002911	0,068181	0,012397	0,015964	-0,000554	-0,012214	-0,001737	0,021652	-0,001719	-0,007133	0,001055	-0,007246	-0,007108
0,004695	0,002063	0,068572	0,013996	0,018239	0,004617	-0,009313	-0,003506	0,021857	0,001503	-0,005486	-0,000168	-0,00832	-0,007717
0,002535	0,00185	0,067499	0,014052	0,019418	-0,001923	-0,008755	-0,000951	0,021085	-0,003183	-0,005548	-0,004291	-0,010966	-0,005188
0,001961	0,001593	0,06743	0,012841	0,019614	0,003507	-0,006685	-0,002945	0,0195	0,000565	-0,002686	-0,001315	-0,010173	-0,004966
0,00254	0,003128	0,066558	0,013256	0,016878	0,002256	-0,0063	0,000088	0,019535	0,000503	-0,005459	-0,0013	-0,010203	-0,005074
0,004248	0,003543	0,064635	0,010947	0,017294	0,001599	-0,007508	-0,000332	0,017981	0,00094	-0,003367	-0,001864	-0,007627	-0,004486
0,00257	0,00452	0,069352	0,013555	0,01778	0,001941	-0,007613	-0,003316	0,017821	0,001468	-0,00176	0,001052	-0,006837	-0,006497
0,007104	0,001581	0,068207	0,015222	0,014687	0,003328	-0,004461	-0,002155	0,019778	-0,001407	-0,005602	0,000085	-0,006957	-0,007655
0,000902	0,00387	0,06927	0,011624	0,018515	0,004014	-0,006446	0,000023	0,020022	0,00097	-0,000821	0,000423	-0,005539	-0,009686
0,001989	0,001923	0,069269	0,011666	0,017641	0,002343	-0,002754	-0,002678	0,022048	-0,000167	-0,001064	-0,001827	-0,006544	-0,006115
0,003434	0,00422	0,068087	0,014802	0,017479	0,002188	-0,008007	-0,001025	0,020855	0,001095	-0,004889	-0,000634	-0,009299	-0,005765
0,002808	0,002951	0,062452	0,012711	0,01804	0,003157	-0,006466	-0,000478	0,020634	-0,000139	-0,00357	-0,001078	-0,006997	-0,00592
0,00561	0,003424	0,067342	0,01489	0,01706	0,002215	-0,006252	0,00026	0,018995	0,002342	-0,004122	-0,00179	-0,008357	-0,008295
0,002821	0,004295	0,067561	0,013838	0,017787	0,001818	-0,00686	-0,000435	0,020859	-0,00186	-0,003274	-0,000864	-0,009061	-0,005873
0,003119	0,003959	0,067174	0,012349	0,018907	0,001956	-0,006672	0,002186	0,02082	-0,000922	-0,003052	-0,002716	-0,009247	-0,005978
0,002469	0,002969	0,067327	0,013383	0,017366	0,002239	-0,00553	0,001529	0,021679	-0,000197	-0,004161	-0,001347	-0,007984	-0,006171
0,003435	0,003288	0,059781	0,012434	0,016638	0,002727	-0,005462	-0,000735	0,021027	-0,000313	-0,003891	-0,000512	-0,007556	-0,005972
0,003878	0,003547	0,064749	0,012711	0,015167	0,002984	-0,006425	0,00062	0,019335	-0,001611	-0,002682	-0,000129	-0,007276	-0,006535
0,002134	0,003952	0,067649	0,011877	0,017907	0,001476	-0,002117	0,002122	0,022417	0,0021	-0,001716	0,000255	-0,006619	-0,006629
0,002949	0,001096	0,066687	0,009373	0,015392	0,000953	-0,002489	-0,003937	0,02137	0,002603	0,002279	-0,000826	-0,007007	-0,005765
0,003626	0,00726	0,067634	0,012464	0,017621	-0,001043	-0,008501	-0,001424	0,021581	-0,000427	-0,000817	-0,001293	-0,009658	-0,008988
0,002554	0,003957	0,069001	0,01352	0,017917	0,0043	-0,008654	0,001783	0,019766	0,002584	-0,00055	0,002942	-0,007763	-0,003477
0,005844	0,000348	0,065659	0,009627	0,018063	-0,000196	-0,004465	0,001126	0,020765	0,002363	-0,002212	0,000646	-0,003918	-0,004658
0,005392	0,002219	0,070794	0,014982	0,019993	0,001453	-0,005123	0,002331	0,02127	0,002461	-0,001723	0,001978	-0,005419	-0,010609
0,004749	0,003868	0,072114	0,011331	0,018124	0,002392	-0,005357	-0,001146	0,027169	0,003383	-0,001268	0,001099	-0,01072	-0,005787
0,000598	0,003352	0,068098	0,019147	0,016323	0,003491	-0,004132	0,003914	0,022078	0,003947	-0,002666	0,002234	-0,009179	-0,006234
0,003287	0,004985	0,069278	0,013029	0,015229	0,002243	-0,003233	0,004806	0,022538	0,001762	-0,004099	0,000775	-0,002035	-0,002932
-0,000962	0,001077	0,06839	0,010975	0,015679	0,003887	-0,00422	0,001503	0,027401	0,002581	-0,001872	-0,000545	-0,008048	-0,009023
0,003151	0,001565	0,069016	0,013616	0,016446	0,001705	0,000782	0,003774	0,021641	0,001692	-0,000586	0,004728	-0,006657	-0,004582
0,004678	0,004661	0,072328	0,010981	0,016483	-0,000999	-0,003503	0,002862	0,022307	0,007221	0,001796	0,002567	-0,008404	-0,006859
0,006636	0,008422	0,071198	0,012938	0,019394	0,007153	-0,006311	0,003926	0,024648	0,002075	-0,000107	0,002532	-0,004563	-0,007555
0,00204	0,002114	0,067629	0,010511	0,014923	0,006606	0,000159	-0,001642	0,02251	0,001816	0,004427	0,002111	-0,006277	-0,008817
0,000948	0,004561	0,067398	0,013086	0,017452	-0,001014	-0,005566	0,000537	0,019816	0,004357	0,00043	-0,000183	-0,004759	-0,00616
0,002417	0,003082	0,067206	0,013391	0,019324	0,002834	-0,008349	0,003357	0,023419	0,006981	0,001556	0,003805	-0,005352	-0,009546
0,003495	0,006345	0,070117	0,012781	0,018597	-0,001917	-0,00556	0,001799	0,023298	0,007169	0,000824	0,000683	-0,005439	-0,004818
0,006965	0,006195	0,073013	0,013089	0,019112	0,002646	-0,001917	0,00208	0,023287	0,004469	-0,00216	0,004678	-0,009014	-0,007922
0,004896	0,003077	0,070997	0,013954	0,014155	0,001705	-0,00185	-0,002639	0,026672	0,008734	0,000673	0,00231	-0,005882	-0,004084
0,006293	0,002221	0,071199	0,013286	0,018593	0,000664	-0,003511	0,006075	0,022984	0,001104	0,001825	0,001202	-0,006155	-0,00845
0,004698	0,008729	0,070135	0,016195	0,017576	-0,00034	-0,003458	0,001228	0,023647	0,004717	0,000287	0,0038	-0,004818	-0,005229
0,00502	0,00634	0,069641	0,016079	0,016204	-0,000425	-0,00308	0,004024	0,028717	0,002365	0,00171	0,004874	-0,005731	-0,0021
0,004806	0,003278	0,076405	0,013614	0,015559	0,000983	-0,005749	0,001595	0,025923	0,007636	0,002387	0,003515	-0,006028	-0,006399
0,002284	0,001944	0,072745	0,008911	0,016659	0,003154	-0,003476	0,004986	0,025047	0,006403	0,001678	0,001742	-0,00334	-0,006621
0,004507	0,004203	0,071287	0,010397	0,015591	0,002375	-0,000542	0,003274	0,029464	0,008069	0,001426	0,006506	-0,004956	-0,003607
0,004075	0,00346	0,070153	0,012752	0,021813	0,002996	-0,007285	0,006536	0,030468	0,004413	0,004344	0,005264	-0,00023	-0,004502
0,006301	0,001667	0,073344	0,015674	0,017936	0,002264	-0,007381	0,006381	0,027049	0,008028	0,004506	0,005464	-0,006904	-0,009986
0,006253	0,004815	0,071248	0,011341	0,021094	0,001927	0,001356	0,002773	0,03223	0,008907	0,002355	0,005827	-0,004472	-0,007758
0,004482	0,004149	0,071568	0,014438	0,021764	0,003015	-0,002109	0,004502	0,032928	0,010686	0,006563	0,011456	-0,001948	-0,009908
0,004745	0,004228	0,07122	0,010827	0,015867	0,000844	-0,001131	0,004747	0,028707	0,009636	0,006538	0,003281	-0,001151	-0,004199
0,003123	0,006003	0,070905	0,014467	0,020141	0,001676	-0,001625	0,007852	0,028504	0,010613	0,003376	0,005857	-0,00383	-0,005649
0,005053	0,006477	0,073239	0,015736	0,01994	0,003484	-0,004107	0,006847	0,029271	0,008652	0,003758	0,0048	-0,005866	-0,007274
0,001293	0,005706	0,070759	0,015685	0,014036	0,000133	-0,003087	0,010161	0,033631	0,007721	0,006619	0,008929	-0,005549	-0,002368
0,00568	0,00417	0,072257	0,013408	0,015562	0,001011	-0,000829	0,008919	0,031194	0,010182	0,005609	0,01051	-0,004023	-0,005402
0,001485	0,004436	0,074321	0,0114	0,017057	0,00536	-0,001062	0,006097	0,026612	0,009145	0,009322	0,008336	-0,006817	-0,004972
0,002194	0,005579	0,071819	0,013999	0,014693	0,002701	0,002809	0,011151	0,032981	0,014479	0,008439	0,007065	-0,004559	-0,008886
0,003537	0,004172	0,076256	0,013896	0,018234	0,005653	-0,001169	0,010612	0,032352	0,01268	0,008852	0,005213	-0,003327	-0,009102
0,007957	0,00407	0,069754	0,013954	0,015775	0,004149	-0,003343	0,007555	0,032463	0,011645	0,009639	0,010696	-0,003785	-0,00444
0,005771	0,005795	0,073908	0,01282	0,019742	0,002564	-0,004599	0,010792	0,031237	0,012632	0,007134	0,009583	-0,001467	-0,007955
0,006208	0,001335	0,072808	0,016181	0,022343	0,003871	-0,001626	0,007525	0,034404	0,014503	0,009342	0,010908	0,002296	-0,002179
0,009866	0,00426	0,068373	0,015458	0,021669	0,00689	-0,001759	0,010675	0,032725	0,014212	0,011927	0,006681	0,000005	-0,005129
0,006536	0,007158	0,072699	0,015491	0,017529	0,001313	-0,001678	0,009939	0,032367	0,017786	0,010493	0,00871	-0,000367	-0,009048
0,006254	0,003166	0,071629	0,014501	0,022729	0,004735	-0,003429	0,00771	0,034771	0,014769	0,009067	0,010183	0,001155	-0,004814
0,006245	0,006244	0,07043	0,016056	0,016811	0,00344	0,001265	0,010235	0,038977	0,013919	0,008202	0,010217	-0,001513	-0,003714
0,00335	0,004079	0,070662	0,018008	0,019128	0,006795	0,000306	0,013541	0,035633	0,015492	0,01294	0,010751	-0,000466	-0,00758
0,005894	0,009399	0,076517	0,013742	0,019525	0,004682	0,002455	0,012808	0,040629	0,017698	0,015804	0,012897	-0,002549	0,000262
0,002369	0,005413	0,07303	0,017742	0,02012	0,000483	0,001951	0,01513	0,041253	0,016915	0,010444	0,015788	-0,003355	-0,004803
0,007179	0,007199	0,074667	0,013652	0,016814	0,005141	0,003123	0,013729	0,03833	0,020441	0,019067	0,013767	0,003101	-0,001605
0,002826	0,006331	0,07406	0,013278	0,02047	0,009785	0,003839	0,017191	0,03913	0,020781	0,020128	0,014188	-0,002515	-0,002105
0,008832	0,003277	0,073564	0,014964	0,015872	0,004337	0,00422	0,015444	0,041599	0,023409	0,017627	0,017864	0,004674	-0,001454
0,00655	0,005618	0,071054	0,014061	0,021319	0,009196	0,002998	0,016034	0,043518	0,029439	0,020265	0,019405	0,004502	-0,004115
0,00564	0,005335	0,069577	0,016553	0,018041	0,009125	0,004793	0,015916	0,040337	0,024924	0,019308	0,020467	0,000163	-0,003888
0,009848	0,003011	0,072234	0,014531	0,016092	0,004215	0,000401	0,016717	0,044984	0,026287	0,023838	0,019973	-0,000113	-0,004142
0,01055	0,00668	0,069402	0,015957	0,019348	0,007239	0,000498	0,016802	0,046674	0,026892	0,021172	0,021377	0,005247	-0,001956
0,007623	0,006451	0,069677	0,015226	0,020399	0,00283	0,003721	0,015662	0,04589	0,029176	0,021037	0,023617	0,004863	-0,004658
0,007251	0,006659	0,071146	0,014936	0,021586	0,004451	0,003474	0,020492	0,049391	0,030362	0,025346	0,022287	0,004409	-0,003331
0,007197	0,006737	0,071162	0,018096	0,02126	0,008449	0,001725	0,021111	0,049201	0,030054	0,025117	0,021568	0,004688	-0,003434
0,006457	0,00859	0,069964	0,015313	0,021345	0,006432	0,004733	0,023462	0,051159	0,031828	0,027483	0,023386	0,003415	-0,002934
0,0069	0,008883	0,074244	0,016979	0,019965	0,006897	0,006152	0,021701	0,053439	0,034296	0,027026	0,02359	0,007338	-0,00612
0,009564	0,003889	0,075638	0,015452	0,02147	0,007827	0,007885	0,02842	0,051256	0,038223	0,029765	0,025088	0,004804	-0,003369
0,007107	0,005298	0,074932	0,014026	0,017519	0,006658	0,007371	0,024705	0,054554	0,041078	0,034586	0,026596	0,004704	-0,006945
0,003699	0,008994	0,073711	0,016451	0,020824	0,007737	0,005287	0,029661	0,056698	0,039935	0,034408	0,026714	0,004734	-0,007556
0,003348	0,005061	0,070583	0,015428	0,022159	0,006288	0,007031	0,028979	0,056181	0,038979	0,037663	0,029749	0,006615	-0,004303
0,009465	0,004674	0,073301	0,018366	0,023334	0,010307	0,005699	0,033292	0,059198	0,040805	0,038688	0,031318	0,006532	-0,005459
0,00637	0,004219	0,072043	0,015662	0,020771	0,010932	0,007633	0,028694	0,058485	0,048164	0,036656	0,028612	0,005693	-0,004926
0,00752	0,004044	0,07256	0,014677	0,02146	0,009509	0,007443	0,031767	0,063878	0,04563	0,039655	0,029787	0,011103	-0,005955
0,008156	0,007835	0,070154	0,0174	0,023303	0,00691	0,010233	0,033206	0,066061	0,051675	0,040971	0,032754	0,009093	-0,002636
0,004002	0,007579	0,074245	0,014127	0,020735	0,008473	0,006438	0,032292	0,064772	0,053023	0,041859	0,035928	0,01032	-0,003751
0,007392	0,008038	0,07177	0,01567	0,022982	0,007182	0,007344	0,03586	0,068296	0,054007	0,042489	0,035802	0,010266	-0,003204
0,005896	0,008426	0,071637	0,019073	0,021119	0,008495	0,008255	0,039684	0,068106	0,054381	0,046295	0,037108	0,013312	-0,003312
0,007925	0,011483	0,07753	0,0171	0,020059	0,008394	0,010677	0,03898	0,071615	0,053819	0,048405	0,042162	0,006823	-0,00141
0,004792	0,00706	0,074335	0,01768	0,020908	0,008104	0,007767	0,042615	0,073214	0,060918	0,052219	0,040926	0,013186	-0,00157
0,006831	0,00878	0,07053	0,018306	0,021369	0,008633	0,013837	0,045822	0,076719	0,057954	0,055275	0,045549	0,009169	-0,002056
0,004439	0,009775	0,07388	0,014462	0,02146	0,006638	0,009429	0,045131	0,075853	0,063963	0,054538	0,045156	0,012565	-0,003053
0,007439	0,008811	0,075733	0,01418	0,023425	0,008573	0,010707	0,045045	0,081466	0,066501	0,06008	0,045288	0,012121	-0,001886
0,007223	0,007981	0,078031	0,013543	0,020229	0,007082	0,013949	0,050598	0,080159	0,074402	0,063895	0,049147	0,015069	-0,004949
0,010015	0,008676	0,076369	0,015069	0,020489	0,00931	0,008417	0,05082	0,087425	0,076398	0,063659	0,051716	0,016091	-0,004729
0,007692	0,009609	0,076701	0,016994	0,025428	0,010379	0,012157	0,051832	0,0902	0,077171	0,06598	0,054925	0,015154	-0,002264
0,00717	0,006855	0,071404	0,014089	0,022203	0,009294	0,016265	0,056244	0,095089	0,080132	0,070444	0,057699	0,014556	-0,002172
0,011656	0,005292	0,075279	0,014592	0,024336	0,012063	0,012135	0,060324	0,100157	0,081211	0,076458	0,057539	0,020234	-0,003395
0,006339	0,009743	0,07315	0,017348	0,020516	0,009632	0,014439	0,060297	0,097857	0,088804	0,079039	0,059741	0,01912	-0,002203
0,009628	0,007005	0,076327	0,014962	0,02275	0,008243	0,014994	0,067128	0,101731	0,089948	0,083134	0,062846	0,018075	-0,002674
0,009192	0,007101	0,071605	0,02175	0,023627	0,009677	0,014293	0,068858	0,107644	0,0939	0,085547	0,065184	0,024341	-0,003085
0,009995	0,010558	0,076738	0,019578	0,021821	0,008248	0,01298	0,071836	0,111237	0,101054	0,087206	0,069548	0,021957	-0,001778
0,009594	0,010337	0,075584	0,018455	0,023751	0,008423	0,017612	0,076828	0,117589	0,107533	0,08895	0,07242	0,025629	-0,00123
0,012085	0,009323	0,076982	0,015942	0,021797	0,012411	0,018241	0,080577	0,118762	0,102741	0,09652	0,074512	0,023203	-0,00079
0,009862	0,010186	0,075257	0,01499	0,02166	0,010848	0,017053	0,081411	0,121596	0,112309	0,100135	0,07836	0,023545	-0,001754
0,009078	0,010857	0,077125	0,015427	0,022399	0,011904	0,020057	0,08513	0,128127	0,117921	0,106496	0,083671	0,024879	-0,001522
0,008918	0,010249	0,074762	0,018444	0,024372	0,010875	0,018035	0,090138	0,133445	0,122133	0,111737	0,084798	0,026016	-0,004786
0,008645	0,009674	0,073282	0,018249	0,025049	0,011261	0,018474	0,095962	0,138197	0,129054	0,113254	0,08769	0,029855	-0,002253
0,011515	0,011062	0,075233	0,015625	0,022611	0,012084	0,024002	0,097719	0,138455	0,13327	0,120873	0,094653	0,031111	-0,002253
0,010969	0,007964	0,074882	0,016137	0,027619	0,011353	0,021889	0,102146	0,148073	0,141056	0,125263	0,097831	0,035044	0,000573
0,011279	0,00822	0,077602	0,017445	0,026334	0,014013	0,021347	0,106422	0,151819	0,147378	0,13041	0,101154	0,035076	-0,001405
0,010953	0,010294	0,074375	0,019436	0,026198	0,012177	0,023977	0,112054	0,157683	0,152843	0,136356	0,108973	0,036221	-0,00215
0,009636	0,012376	0,073528	0,018762	0,027116	0,012676	0,025668	0,111451	0,165865	0,160084	0,14465	0,111162	0,036539	-0,001009
0,011277	0,012659	0,075613	0,019223	0,026941	0,009449	0,026244	0,121633	0,173379	0,17225	0,149188	0,116025	0,039954	-0,002232
0,012833	0,008865	0,074236	0,021854	0,023274	0,013293	0,027266	0,1277	0,179052	0,173805	0,15687	0,119257	0,038307	-0,000486
0,011705	0,010222	0,0793	0,020533	0,029469	0,012366	0,027802	0,129098	0,18868	0,180617	0,160893	0,122883	0,042425	0,000639
0,011961	0,012971	0,076601	0,01881	0,026014	0,013881	0,027141	0,140172	0,19582	0,186409	0,171541	0,130493	0,043733	-0,00165
0,012473	0,011958	0,078213	0,02199	0,026721	0,011947	0,032063	0,14595	0,202123	0,199514	0,17861	0,136863	0,044672	0,000966
0,012921	0,011603	0,079891	0,019052	0,024263	0,01352	0,033808	0,152068	0,210498	0,205074	0,184576	0,141781	0,048052	0,000582
0,011825	0,016624	0,076858	0,01824	0,025311	0,013121	0,036013	0,161168	0,217684	0,216393	0,196858	0,149294	0,048577	-0,000636
0,011704	0,013953	0,077508	0,017817	0,025873	0,01446	0,037508	0,166502	0,224845	0,224088	0,200572	0,156056	0,052241	0,001653
0,013067	0,012217	0,079268	0,020002	0,027052	0,016066	0,038087	0,173395	0,231731	0,233183	0,21234	0,165037	0,0542	0,000738
0,014299	0,012538	0,079953	0,018904	0,028059	0,014912	0,036401	0,179595	0,240882	0,243201	0,220713	0,1704	0,058744	-0,000506
0,015053	0,014226	0,078329	0,019733	0,028957	0,017579	0,039219	0,186459	0,252231	0,253131	0,228843	0,175692	0,059083	0,002376
0,013878	0,012539	0,079324	0,022156	0,027167	0,016951	0,042598	0,192954	0,260728	0,263413	0,240354	0,181818	0,06332	0,002261
0,015521	0,014806	0,077875	0,020835	0,027893	0,017795	0,041915	0,197738	0,269084	0,272821	0,249638	0,190909	0,063967	0,003258
0,016842	0,012393	0,082907	0,019024	0,029008	0,017885	0,042972	0,208457	0,279068	0,287065	0,2564	0,198592	0,065438	0,002384
0,01461	0,015125	0,079972	0,023376	0,028264	0,01867	0,046549	0,219192	0,292744	0,2953	0,270255	0,206	0,07025	0,001947
0,015608	0,015249	0,079215	0,021677	0,02684	0,015171	0,04846	0,227419	0,299516	0,305422	0,277326	0,212942	0,071716	0,000385
0,016598	0,014309	0,081984	0,020754	0,030598	0,019305	0,047321	0,236467	0,313683	0,318557	0,294274	0,224608	0,074437	0,004146
0,014973	0,016714	0,078746	0,022169	0,029449	0,0167	0,052522	0,243963	0,327764	0,328363	0,30248	0,230952	0,079677	0,002968
0,015404	0,018685	0,082034	0,022801	0,028673	0,018704	0,052163	0,25385	0,3348	0,341156	0,31604	0,242287	0,080786	0,001745
0,018612	0,017463	0,082828	0,024247	0,030203	0,018799	0,05594	0,263412	0,346899	0,357973	0,327855	0,251089	0,083435	0,006438
0,016723	0,017781	0,08214	0,021707	0,03038	0,020801	0,057487	0,270309	0,355831	0,367572	0,341069	0,259528	0,085791	0,005161
0,017057	0,019344	0,083136	0,02474	0,031323	0,020133	0,058164	0,281481	0,368876	0,380412	0,349785	0,268595	0,088996	0,003662
0,017591	0,01946	0,083254	0,024905	0,031032	0,023913	0,06246	0,28995	0,381586	0,394671	0,364275	0,28124	0,091991	0,00294
0,018278	0,022866	0,082536	0,024089	0,03239	0,026131	0,063373	0,29845	0,396505	0,410748	0,376114	0,288245	0,096915	0,003249
0,018857	0,020959	0,083943	0,02243	0,033235	0,024816	0,064901	0,311836	0,405791	0,422472	0,387614	0,298529	0,10051	0,003567
0,020378	0,020551	0,083888	0,025134	0,033621	0,024417	0,067334	0,321369	0,419651	0,440778	0,404591	0,30927	0,104479	0,002416
0,022038	0,020299	0,084998	0,025548	0,034229	0,025708	0,069913	0,32932	0,434392	0,452448	0,416357	0,320434	0,107497	0,003533
0,022417	0,022163	0,083307	0,02559	0,035367	0,024916	0,072478	0,339052	0,447402	0,466898	0,432167	0,329475	0,112057	0,004163
0,02126	0,022786	0,086205	0,025349	0,035517	0,026878	0,074831	0,349967	0,458655	0,479726	0,446455	0,341885	0,113906	0,006195
0,025659	0,021263	0,085626	0,027182	0,037478	0,027637	0,076327	0,363765	0,471405	0,494991	0,459147	0,353043	0,117809	0,006441
0,026277	0,024058	0,087686	0,027055	0,036342	0,027067	0,079413	0,370818	0,488454	0,512062	0,470668	0,361219	0,121121	0,004973
0,023861	0,024328	0,085591	0,029557	0,036492	0,02862	0,079847	0,380939	0,500236	0,52438	0,486639	0,372851	0,126143	0,008741
0,025054	0,025139	0,086089	0,029431	0,035881	0,029206	0,081534	0,391842	0,511526	0,540489	0,499698	0,38335	0,129547	0,007948
0,025563	0,026775	0,09058	0,028926	0,039273	0,031696	0,0851	0,401577	0,527591	0,553989	0,514053	0,392115	0,132287	0,008862
0,025738	0,028051	0,089199	0,029474	0,037461	0,032883	0,088375	0,412922	0,536897	0,566187	0,524192	0,401143	0,135433	0,008719
0,026482	0,026219	0,092568	0,029255	0,039225	0,034374	0,09148	0,422506	0,553306	0,580919	0,53943	0,415321	0,141529	0,006754
0,026387	0,028662	0,090754	0,029155	0,040328	0,033805	0,093922	0,433213	0,567131	0,596096	0,552154	0,42349	0,141958	0,007639
0,027128	0,028278	0,094317	0,032256	0,040923	0,034891	0,09578	0,440202	0,578307	0,613186	0,564135	0,43544	0,149299	0,007827
0,030159	0,031015	0,093537	0,030987	0,042544	0,035669	0,097685	0,451416	0,586363	0,621868	0,580091	0,445086	0,151063	0,008502
0,030552	0,032371	0,093641	0,032149	0,04294	0,036761	0,1	0,460957	0,597407	0,633495	0,588165	0,452814	0,154347	0,008268
0,031932	0,031233	0,095949	0,032531	0,043615	0,03841	0,101282	0,467937	0,612261	0,651132	0,598656	0,465258	0,156634	0,00967
0,03197	0,031532	0,093963	0,03322	0,045213	0,03863	0,102736	0,475354	0,62352	0,661472	0,614589	0,472197	0,161044	0,009663
0,035098	0,033408	0,096679	0,03429	0,04506	0,039281	0,105652	0,485222	0,634965	0,670976	0,622863	0,48207	0,164001	0,009798
0,034558	0,034417	0,097607	0,035209	0,046502	0,04003	0,109229	0,492878	0,646053	0,683597	0,638103	0,490139	0,167119	0,01042
0,036506	0,036267	0,099113	0,035496	0,048021	0,041152	0,109671	0,500651	0,656591	0,696366	0,647869	0,498619	0,170716	0,011868
0,036617	0,037373	0,100578	0,037394	0,047995	0,04147	0,111552	0,506966	0,661584	0,705603	0,655473	0,504686	0,173707	0,012542
0,037461	0,038099	0,100064	0,039068	0,049198	0,042423	0,115271	0,51599	0,67367	0,718155	0,666025	0,51306	0,176344	0,012918
0,039267	0,039648	0,101885	0,039653	0,049893	0,044646	0,116391	0,520378	0,68307	0,724379	0,673566	0,521575	0,178096	0,013521
0,040158	0,042032	0,104691	0,040408	0,051577	0,044792	0,118317	0,527618	0,692765	0,735237	0,681534	0,526895	0,18219	0,015106
0,0412	0,042405	0,105908	0,040449	0,051948	0,046166	0,120388	0,537904	0,700013	0,741586	0,69073	0,535043	0,181993	0,014414
0,043093	0,042186	0,107782	0,042228	0,054022	0,048397	0,120711	0,543139	0,70606	0,750834	0,69705	0,53648	0,186036	0,014723
0,043222	0,044629	0,109344	0,041701	0,056274	0,05037	0,126963	0,548461	0,714074	0,757538	0,708281	0,548578	0,187187	0,014617
0,042878	0,04433	0,109161	0,04191	0,055668	0,051239	0,127126	0,552613	0,71805	0,765112	0,716267	0,551979	0,188078	0,016323
0,045087	0,047202	0,110957	0,046594	0,058205	0,052482	0,128533	0,55805	0,722038	0,768736	0,719919	0,555342	0,189408	0,015007
0,04708	0,049291	0,11435	0,045774	0,058783	0,052811	0,131922	0,559416	0,735021	0,786947	0,719863	0,558174	0,195568	0,01571
0,047976	0,048743	0,112288	0,045938	0,060105	0,054125	0,135329	0,562717	0,735045	0,784676	0,727367	0,565709	0,19598	0,018842
0,048662	0,050853	0,114865	0,04543	0,06372	0,056872	0,134456	0,568789	0,741188	0,791002	0,734989	0,570072	0,199731	0,017484
0,051609	0,0525	0,11327	0,046419	0,064149	0,054428	0,136849	0,568907	0,742203	0,79357	0,742064	0,574245	0,202092	0,01928
0,050604	0,053221	0,117004	0,051958	0,062772	0,059191	0,137015	0,580075	0,749999	0,791766	0,743483	0,577162	0,201457	0,018338
0,052355	0,052733	0,118157	0,051815	0,065091	0,062681	0,13863	0,578389	0,751545	0,801415	0,746891	0,574606	0,205527	0,020184
0,057235	0,053419	0,117896	0,050925	0,069629	0,061824	0,14351	0,57984	0,759409	0,811398	0,750381	0,580184	0,204121	0,01914
0,055343	0,056368	0,122677	0,055411	0,066405	0,066285	0,141273	0,583494	0,75674	0,826853	0,755604	0,589422	0,207851	0,021167
0,057705	0,057292	0,127152	0,053212	0,072038	0,063566	0,140298	0,585872	0,7694	0,812093	0,763705	0,589323	0,203533	0,024267
0,056659	0,056635	0,124946	0,057718	0,07027	0,064976	0,140973	0,592647	0,768828	0,814028	0,76373	0,592446	0,205179	0,021933
0,060686	0,060089	0,127841	0,060791	0,072512	0,06381	0,145793	0,58773	0,768071	0,812529	0,761882	0,595208	0,208212	0,025023
0,062077	0,058812	0,131903	0,061293	0,074127	0,0675	0,148166	0,592669	0,778741	0,828054	0,762564	0,598556	0,210535	0,023791
0,062844	0,064103	0,133839	0,060862	0,075081	0,072371	0,153195	0,596909	0,773035	0,827808	0,772223	0,592718	0,211731	0,024881
0,063805	0,065557	0,134739	0,063339	0,0758	0,071155	0,153207	0,595838	0,782206	0,831988	0,773077	0,5942	0,209177	0,025746
0,064879	0,067833	0,134433	0,063977	0,08033	0,075534	0,154378	0,599589	0,779225	0,835313	0,781316	0,597652	0,21429	0,026605
0,06786	0,070601	0,136704	0,064669	0,08168	0,078874	0,154915	0,604719	0,78524	0,828664	0,781264	0,60874	0,211134	0,0293
0,064581	0,069481	0,137893	0,067838	0,081921	0,078393	0,15639	0,609417	0,781654	0,837254	0,782297	0,605835	0,217102	0,029324
0,068901	0,072933	0,142458	0,06613	0,084582	0,080832	0,159456	0,604783	0,780746	0,839991	0,784352	0,609397	0,215369	0,02546
0,071891	0,069771	0,143757	0,068483	0,088713	0,08165	0,15863	0,605994	0,787107	0,846403	0,789634	0,608243	0,218301	0,030398
0,071885	0,072329	0,144862	0,073133	0,084082	0,083875	0,162772	0,608909	0,792313	0,846686	0,784857	0,612441	0,217967	0,02742
0,073567	0,075702	0,145617	0,071089	0,08953	0,085885	0,163711	0,612303	0,791622	0,850628	0,799832	0,61121	0,217744	0,028728
0,073723	0,078709	0,147555	0,072415	0,093143	0,085259	0,162698	0,614645	0,797104	0,854011	0,799733	0,617362	0,218867	0,034491
0,07426	0,081678	0,149856	0,07619	0,094887	0,089111	0,167294	0,618192	0,797354	0,853503	0,797804	0,616628	0,220614	0,033451
0,079422	0,077691	0,150273	0,077101	0,094804	0,091011	0,169247	0,622552	0,80269	0,865134	0,793287	0,615991	0,221465	0,033075
0,082708	0,080068	0,15552	0,081907	0,099243	0,09117	0,173975	0,62768	0,811542	0,861303	0,805025	0,623361	0,225829	0,035838
0,080489	0,080788	0,160317	0,085539	0,09887	0,091594	0,171089	0,624383	0,812317	0,866591	0,808485	0,625755	0,229876	0,039489
0,082306	0,086114	0,159708	0,08396	0,101358	0,097437	0,172597	0,625582	0,818307	0,869932	0,815034	0,625138	0,223761	0,04158
0,083418	0,086068	0,163529	0,089583	0,103411	0,10092	0,17785	0,634386	0,830663	0,879539	0,80831	0,636331	0,233091	0,041859
0,088875	0,087345	0,165594	0,08776	0,106495	0,099142	0,177285	0,635183	0,817983	0,882893	0,823923	0,637723	0,231605	0,04107
0,089431	0,088577	0,169481	0,091872	0,10657	0,104177	0,175796	0,633696	0,832791	0,87886	0,826927	0,638175	0,230687	0,046582
0,085626	0,091365	0,172875	0,093841	0,109191	0,104907	0,18082	0,640804	0,837861	0,894868	0,826024	0,637357	0,235671	0,047169
0,089347	0,090534	0,17126	0,094903	0,111986	0,107971	0,186684	0,647706	0,835376	0,894339	0,8292	0,648885	0,232989	0,049265
0,090005	0,092815	0,1773	0,095644	0,112939	0,108688	0,188617	0,65129	0,840694	0,892719	0,842291	0,649228	0,239027	0,047988
0,091514	0,09155	0,175809	0,097769	0,117681	0,112783	0,190645	0,643921	0,847256	0,907436	0,848925	0,653974	0,241758	0,050091
0,094904	0,095118	0,181122	0,099355	0,118472	0,113009	0,193787	0,653997	0,85086	0,91158	0,846355	0,656158	0,241021	0,048031
0,093444	0,096057	0,184598	0,100584	0,120238	0,11544	0,196863	0,656105	0,862341	0,91761	0,849181	0,662638	0,245721	0,052758
0,093733	0,0979	0,18663	0,103425	0,12335	0,11717	0,197857	0,664131	0,86523	0,923579	0,846284	0,663671	0,244911	0,057485
0,098153	0,101681	0,190188	0,104667	0,125652	0,117889	0,196003	0,661201	0,86603	0,927842	0,867296	0,670289	0,249629	0,058048
0,099254	0,099204	0,190862	0,110539	0,129814	0,12084	0,196385	0,671096	0,866574	0,939192	0,872735	0,670617	0,254401	0,058669
0,099254	0,103183	0,191448	0,109239	0,127658	0,121782	0,199018	0,668113	0,870097	0,94416	0,872246	0,675765	0,253085	0,064253
0,099494	0,101776	0,19575	0,112535	0,130911	0,124744	0,201616	0,66958	0,885827	0,948763	0,875836	0,682703	0,253976	0,065425
0,104005	0,101078	0,201224	0,116142	0,13233	0,1265	0,205109	0,677037	0,901042	0,948373	0,885501	0,685477	0,256382	0,068212
0,104614	0,104591	0,202571	0,116318	0,135354	0,129583	0,205316	0,675944	0,893783	0,957926	0,886333	0,690914	0,258965	0,071873
0,106165	0,105744	0,20591	0,118182	0,137011	0,130771	0,209627	0,685131	0,893204	0,961049	0,883047	0,69509	0,260972	0,075559
0,103637	0,106071	0,208058	0,120877	0,137596	0,133141	0,209305	0,693198	0,900096	0,973498	0,901497	0,697354	0,262699	0,076349
0,105588	0,108694	0,211069	0,121158	0,142482	0,131623	0,211238	0,694752	0,903921	0,967699	0,907337	0,702319	0,266959	0,07911
0,106578	0,10996	0,214211	0,121135	0,146525	0,137731	0,211198	0,691021	0,909353	0,971902	0,900222	0,707408	0,269659	0,08185
0,107947	0,112799	0,21541	0,12314	0,145366	0,140614	0,215296	0,692391	0,910955	0,987969	0,915213	0,711374	0,269184	0,086524
0,112727	0,114212	0,221223	0,127299	0,148594	0,141791	0,214435	0,699258	0,930131	0,998541	0,918428	0,712552	0,273815	0,086311
0,108161	0,111759	0,223084	0,12891	0,149155	0,141513	0,217842	0,700909	0,921107	0,996245	0,920831	0,711244	0,274599	0,092464
0,113782	0,114539	0,223607	0,133626	0,150626	0,14092	0,222239	0,707651	0,92437	0,989488	0,918181	0,716281	0,277708	0,090762
0,113204	0,113942	0,226955	0,133285	0,153252	0,147426	0,221524	0,709758	0,926243	1,00634	0,915515	0,714572	0,281593	0,097619
0,1137	0,116165	0,230222	0,134748	0,156581	0,149219	0,221652	0,701218	0,932006	0,996194	0,918063	0,721733	0,280508	0,102494
0,115664	0,120751	0,233961	0,135363	0,1595	0,150016	0,225133	0,704963	0,939924	1,001365	0,929566	0,724426	0,290185	0,107437
0,117961	0,119262	0,235578	0,138727	0,159975	0,152466	0,227674	0,708121	0,938547	1,003133	0,928115	0,723806	0,289381	0,110027
0,119269	0,120787	0,239491	0,141033	0,163523	0,156517	0,227465	0,707782	0,936187	1,009919	0,924709	0,724402	0,29168	0,111855
0,119401	0,121882	0,238828	0,14257	0,16647	0,15674	0,230985	0,707821	0,942691	1,013047	0,936072	0,730016	0,298371	0,117443
0,120037	0,124561	0,244067	0,144335	0,169362	0,157312	0,230808	0,713503	0,935054	1,011433	0,935995	0,724771	0,301295	0,120987
0,119585	0,126142	0,24502	0,145609	0,169546	0,159435	0,230888	0,709365	0,933668	1,014429	0,935428	0,731654	0,301585	0,126494
0,121517	0,123298	0,24755	0,151277	0,169414	0,160668	0,233848	0,708807	0,935208	1,017961	0,93166	0,729201	0,306156	0,130805
0,123867	0,125112	0,251388	0,15108	0,175058	0,161498	0,231696	0,705027	0,932944	1,015258	0,929708	0,730904	0,308782	0,139074
0,125934	0,127771	0,25372	0,154309	0,177361	0,164978	0,235828	0,707793	0,936113	1,007096	0,933252	0,733414	0,314491	0,145426
0,127275	0,12899	0,25682	0,157116	0,177422	0,167089	0,236928	0,709314	0,938103	1,005732	0,927927	0,729513	0,314992	0,152483
0,129361	0,131046	0,26093	0,158577	0,179645	0,170318	0,239936	0,709814	0,937985	1,00923	0,932681	0,728631	0,318841	0,155688
0,128685	0,132639	0,262325	0,161941	0,181684	0,171549	0,239693	0,7074	0,930911	0,997252	0,923625	0,728584	0,32229	0,161618
0,132238	0,132386	0,267141	0,162913	0,186186	0,174773	0,241863	0,702836	0,930847	1,0049	0,923523	0,731695	0,323402	0,168255
0,13231	0,134796	0,267525	0,16291	0,187831	0,174787	0,243307	0,704734	0,929316	0,996543	0,915452	0,733009	0,327809	0,175475
0,132066	0,135094	0,270393	0,164214	0,189572	0,177518	0,244667	0,699616	0,924113	0,991135	0,919637	0,728032	0,332204	0,17955
0,133198	0,136839	0,276418	0,16766	0,190989	0,17964	0,247168	0,696314	0,916794	0,989186	0,914008	0,725402	0,338621	0,188397
0,136269	0,138248	0,277518	0,169901	0,192366	0,179985	0,248348	0,697671	0,91256	0,978807	0,907733	0,721913	0,341207	0,195893
0,136649	0,140444	0,280264	0,171862	0,196547	0,185118	0,25235	0,694491	0,909139	0,97782	0,906487	0,721318	0,346172	0,202402
0,137424	0,14249	0,281469	0,173938	0,198546	0,188372	0,250424	0,693766	0,910217	0,973647	0,902703	0,715971	0,34961	0,207966
0,138807	0,140745	0,283537	0,175548	0,201644	0,186011	0,254027	0,691693	0,904977	0,960425	0,891665	0,720274	0,354598	0,216352
0,139851	0,144757	0,288918	0,179618	0,204043	0,18901	0,251893	0,685536	0,907448	0,972587	0,888968	0,71215	0,359847	0,224262
0,14323	0,14564	0,291621	0,179893	0,204206	0,191588	0,256345	0,687383	0,89713	0,958232	0,883091	0,71256	0,364412	0,233331
0,14467	0,145656	0,29275	0,182647	0,207642	0,192833	0,256712	0,683169	0,889469	0,953847	0,87917	0,712717	0,370651	0,238819
0,14707	0,148704	0,294805	0,184049	0,209788	0,196925	0,260458	0,685024	0,888257	0,944309	0,878194	0,707364	0,370148	0,24942
0,147134	0,148571	0,298547	0,186334	0,212377	0,198261	0,260586	0,680907	0,884729	0,941313	0,870963	0,706547	0,377681	0,256217
0,149462	0,150937	0,300231	0,189473	0,213486	0,200419	0,264577	0,677829	0,872681	0,932633	0,869982	0,705587	0,382994	0,261854
0,148246	0,150488	0,304076	0,192087	0,217276	0,202566	0,2644	0,676112	0,870747	0,933647	0,862731	0,703887	0,387657	0,274089
0,152699	0,155486	0,306561	0,19386	0,218599	0,204769	0,267768	0,673395	0,869871	0,915441	0,860934	0,697027	0,392405	0,284782
0,153863	0,156169	0,310198	0,194445	0,22294	0,206176	0,26749	0,67658	0,861641	0,91956	0,843115	0,703833	0,398196	0,290062
0,155285	0,157828	0,31331	0,198489	0,225079	0,209418	0,266748	0,675532	0,857463	0,907727	0,853435	0,698897	0,405954	0,300496
0,157151	0,161099	0,315131	0,199084	0,22708	0,210287	0,272148	0,664636	0,853711	0,909023	0,844956	0,695864	0,411475	0,306505
0,160101	0,161128	0,320495	0,201681	0,228784	0,214575	0,27182	0,672239	0,845712	0,904836	0,834809	0,697001	0,417619	0,317048
0,160812	0,164349	0,323037	0,205827	0,231251	0,216021	0,272889	0,664186	0,846189	0,889317	0,832726	0,69392	0,421201	0,328376
0,160777	0,165472	0,325811	0,207501	0,232088	0,216414	0,277058	0,657504	0,841871	0,889535	0,834769	0,689406	0,427169	0,337785
0,164234	0,165902	0,327325	0,208874	0,23511	0,219267	0,280763	0,662882	0,841838	0,879536	0,828785	0,687461	0,430559	0,34685
0,163984	0,169649	0,330608	0,211141	0,240043	0,222066	0,281184	0,657756	0,834692	0,87429	0,819627	0,688938	0,438585	0,35426
0,166903	0,168824	0,333008	0,213878	0,243113	0,226425	0,283357	0,655479	0,825026	0,871452	0,811136	0,68371	0,443241	0,366416
0,169259	0,171294	0,338239	0,21424	0,245796	0,229402	0,283714	0,656757	0,816287	0,862686	0,804333	0,6822	0,453557	0,376304
0,171725	0,174375	0,342483	0,219079	0,246848	0,232038	0,28983	0,652247	0,819096	0,859772	0,800243	0,679823	0,457241	0,385768
0,172442	0,17663	0,341681	0,220579	0,249346	0,235352	0,293308	0,652567	0,806822	0,842322	0,790917	0,67543	0,466172	0,395146
0,176102	0,179243	0,347719	0,22281	0,252384	0,235793	0,293183	0,646157	0,803207	0,843159	0,790543	0,676025	0,472098	0,405275
0,180096	0,179476	0,350549	0,227403	0,25723	0,240626	0,2947	0,642517	0,800626	0,836042	0,783451	0,679062	0,477559	0,416258
0,178646	0,180031	0,354603	0,227925	0,258702	0,242681	0,297304	0,642336	0,789193	0,827257	0,777967	0,67239	0,483277	0,4244
0,181079	0,18442	0,357127	0,232883	0,260629	0,245432	0,29815	0,639609	0,786721	0,825264	0,774262	0,672437	0,489072	0,434673
0,182787	0,186779	0,361936	0,233373	0,262828	0,248234	0,300775	0,63548	0,779661	0,813277	0,770915	0,67675	0,493767	0,443381
0,184573	0,187692	0,366672	0,235246	0,267225	0,249612	0,304351	0,633275	0,773077	0,80935	0,764976	0,67079	0,500254	0,449468
0,185379	0,189526	0,367538	0,240511	0,270307	0,251734	0,303539	0,62809	0,770199	0,795011	0,755685	0,665973	0,505933	0,459875
0,188987	0,191872	0,371436	0,243372	0,272624	0,2545	0,307288	0,628319	0,766248	0,795085	0,749857	0,664848	0,511984	0,469051
0,190384	0,192857	0,374521	0,245452	0,275354	0,257686	0,308355	0,622581	0,758987	0,785409	0,742712	0,662661	0,515858	0,47787
0,193127	0,196398	0,37766	0,24824	0,278765	0,259965	0,310537	0,619362	0,748737	0,778987	0,740884	0,659288	0,52193	0,488272
0,194487	0,197809	0,385083	0,250732	0,28226	0,264038	0,312185	0,618058	0,745538	0,772857	0,735573	0,65625	0,526597	0,495519
0,19476	0,200511	0,388035	0,253948	0,283208	0,267326	0,31608	0,6134	0,742844	0,765371	0,730371	0,65732	0,533678	0,502221
0,19576	0,20123	0,389545	0,256294	0,287178	0,268182	0,316914	0,609426	0,729716	0,754944	0,719962	0,653202	0,536781	0,511278
0,201037	0,202165	0,393365	0,258626	0,289111	0,272532	0,320054	0,604849	0,725962	0,746891	0,715545	0,650627	0,540908	0,520496
0,203109	0,20619	0,397021	0,260312	0,292894	0,276895	0,319463	0,602415	0,718014	0,742818	0,706793	0,647863	0,544441	0,525116
0,203084	0,207323	0,403923	0,263048	0,295547	0,279596	0,321329	0,599592	0,712136	0,733607	0,700212	0,639141	0,548495	0,530983
0,204422	0,207914	0,404669	0,265235	0,297111	0,280589	0,324483	0,591276	0,708163	0,726117	0,696559	0,636771	0,553907	0,540949
0,206739	0,211295	0,409675	0,269299	0,302722	0,283005	0,326483	0,58954	0,698316	0,715117	0,686728	0,636774	0,559207	0,54632
0,209353	0,212603	0,413068	0,269803	0,304645	0,283909	0,329872	0,584452	0,691334	0,706628	0,68042	0,630125	0,565692	0,55292
0,212604	0,214885	0,415687	0,272635	0,306197	0,287832	0,329026	0,580871	0,682155	0,696378	0,672488	0,633343	0,56872	0,556372
0,212373	0,218353	0,420423	0,277752	0,309774	0,29112	0,331528	0,578672	0,669458	0,692342	0,666622	0,62638	0,574231	0,565568
0,216061	0,219272	0,422182	0,280097	0,315484	0,294626	0,333647	0,572547	0,664566	0,675565	0,658341	0,626345	0,575393	0,567696
0,216277	0,221995	0,425338	0,282128	0,315204	0,296899	0,335129	0,56499	0,65526	0,672671	0,652601	0,618421	0,577226	0,577741
0,217995	0,222156	0,430416	0,284804	0,320175	0,299286	0,338967	0,561587	0,649884	0,662211	0,645437	0,616304	0,583413	0,580653
0,219408	0,224692	0,431342	0,286874	0,324897	0,301276	0,337438	0,559323	0,642879	0,655634	0,637269	0,611614	0,586996	0,586656
0,221212	0,225748	0,436783	0,292386	0,324413	0,305373	0,342595	0,550146	0,63727	0,648128	0,632965	0,608532	0,587283	0,592945
0,223844	0,229977	0,440495	0,29305	0,328812	0,308556	0,343789	0,547977	0,628452	0,636959	0,62318	0,604496	0,588592	0,600599
0,225901	0,229193	0,440444	0,296171	0,329972	0,309471	0,345072	0,546105	0,620171	0,632247	0,617166	0,601766	0,58992	0,603096
0,228581	0,232158	0,446341	0,297383	0,333231	0,312041	0,344657	0,540671	0,611578	0,622173	0,612388	0,596501	0,596642	0,606562
0,229483	0,233848	0,451765	0,30167	0,336462	0,314633	0,347806	0,535247	0,605777	0,61676	0,602683	0,593828	0,596668	0,609159
0,230915	0,236001	0,45269	0,302961	0,339478	0,319273	0,349623	0,532334	0,602218	0,607604	0,595019	0,592509	0,600203	0,615254
0,232999	0,237764	0,458558	0,305081	0,341813	0,320468	0,351832	0,524188	0,593347	0,598296	0,590437	0,584636	0,603751	0,619326
0,234638	0,239944	0,461671	0,308312	0,344837	0,323459	0,354472	0,523546	0,585451	0,590847	0,582793	0,583744	0,607656	0,622201
0,237935	0,240707	0,463403	0,309722	0,347531	0,325124	0,355095	0,517952	0,5783	0,584914	0,577089	0,579783	0,608261	0,628665
0,238231	0,243354	0,466746	0,312434	0,349756	0,327595	0,355209	0,51303	0,573033	0,577373	0,569799	0,575079	0,610418	0,630417
0,239768	0,245197	0,470495	0,315195	0,352125	0,330486	0,356954	0,5092	0,567715	0,568394	0,565816	0,571807	0,613397	0,635237
0,241958	0,2468	0,473022	0,317591	0,353582	0,333112	0,357957	0,506557	0,561902	0,561254	0,558478	0,566801	0,615618	0,638233
0,243397	0,248662	0,475611	0,320281	0,357396	0,335008	0,36104	0,502029	0,55441	0,551934	0,551225	0,565133	0,616989	0,64272
0,244403	0,249631	0,477283	0,321236	0,358962	0,336432	0,362753	0,498551	0,548805	0,545534	0,54445	0,562954	0,618224	0,644611
0,246324	0,251732	0,480651	0,32294	0,361377	0,33994	0,362728	0,492999	0,540295	0,539637	0,53878	0,559458	0,619943	0,64601
0,248136	0,253834	0,484208	0,325003	0,364938	0,34318	0,364431	0,489269	0,534226	0,52868	0,531615	0,55501	0,62085	0,650121
0,249319	0,254824	0,484283	0,326988	0,366045	0,343552	0,366123	0,484124	0,527747	0,524299	0,527261	0,552024	0,621984	0,652385
0,251838	0,257619	0,487168	0,3283	0,368817	0,346492	0,367422	0,481956	0,523072	0,516587	0,520317	0,549515	0,62481	0,654508
0,254004	0,258931	0,490733	0,33175	0,371131	0,348703	0,368885	0,476475	0,515872	0,50914	0,514255	0,545213	0,626477	0,659229
0,25444	0,260837	0,491806	0,333323	0,372816	0,351403	0,370783	0,473087	0,509487	0,503274	0,508672	0,542677	0,628388	0,661299
0,25657	0,261771	0,494906	0,335744	0,375174	0,352353	0,372174	0,469273	0,504639	0,495842	0,502815	0,538483	0,629124	0,664874
0,258384	0,263064	0,495432	0,338311	0,376651	0,356144	0,373111	0,464842	0,497343	0,491164	0,4962	0,534608	0,631292	0,666624
0,258923	0,26556	0,497445	0,339054	0,378293	0,356246	0,374122	0,460126	0,491533	0,481688	0,491377	0,533289	0,630444	0,666129
0,260647	0,266453	0,50057	0,342136	0,379928	0,35969	0,374753	0,457659	0,48453	0,475775	0,484264	0,528074	0,630687	0,670774
0,263159	0,268237	0,503913	0,342759	0,383048	0,361295	0,376612	0,452476	0,479279	0,469027	0,480305	0,526267	0,633049	0,673843
0,263648	0,269134	0,503145	0,344115	0,384641	0,362734	0,377999	0,448063	0,473921	0,463064	0,474185	0,522488	0,63272	0,674849
0,26458	0,270892	0,506327	0,344928	0,386159	0,364842	0,378474	0,443675	0,46705	0,45569	0,469078	0,518643	0,635376	0,675895
0,2656	0,2713	0,507822	0,347291	0,387875	0,366297	0,379489	0,441389	0,462712	0,44958	0,464026	0,515921	0,633956	0,678783
0,266736	0,273796	0,508337	0,347763	0,389863	0,366879	0,37977	0,436297	0,455493	0,444685	0,459397	0,512423	0,634586	0,679501
0,267331	0,273974	0,511495	0,34865	0,390953	0,370417	0,380978	0,433187	0,451961	0,438894	0,452532	0,508102	0,63274	0,676384
0,269231	0,275434	0,511162	0,351443	0,391091	0,369465	0,381768	0,429181	0,444203	0,432379	0,448937	0,506969	0,632872	0,681293
0,269095	0,276137	0,51242	0,351161	0,394103	0,371727	0,382646	0,423764	0,439448	0,426705	0,442269	0,50223	0,633397	0,680116
0,271371	0,277191	0,512114	0,352603	0,394053	0,374248	0,382884	0,418949	0,434668	0,419883	0,438487	0,500815	0,634443	0,679862
0,271285	0,2784	0,5136	0,353436	0,395774	0,37386	0,384747	0,414519	0,429579	0,412751	0,433909	0,494953	0,633078	0,681041
0,272205	0,279296	0,515289	0,352872	0,398309	0,376221	0,383722	0,410365	0,421608	0,407526	0,428195	0,492128	0,636087	0,679297
0,273499	0,278612	0,514154	0,354761	0,397696	0,377698	0,384258	0,406672	0,418053	0,401487	0,423305	0,489566	0,633599	0,681427
0,274688	0,27975	0,513806	0,354171	0,398837	0,378118	0,385458	0,40356	0,412949	0,396186	0,417694	0,48642	0,636409	0,680397
0,273547	0,278736	0,516137	0,35423	0,398463	0,378414	0,384906	0,399532	0,40793	0,391108	0,411269	0,482148	0,633277	0,681647
0,273262	0,280429	0,51549	0,354435	0,401128	0,379026	0,385248	0,393503	0,404235	0,386573	0,408921	0,478215	0,633461	0,680161
0,273333	0,280419	0,515773	0,354714	0,40079	0,380884	0,38343	0,391138	0,398395	0,380572	0,404866	0,477433	0,632018	0,680685
0,275798	0,280441	0,514763	0,355241	0,398353	0,381097	0,384428	0,386236	0,392778	0,373964	0,399754	0,473966	0,632472	0,678114
0,273805	0,281221	0,513993	0,354013	0,399979	0,380536	0,384348	0,38184	0,389948	0,37139	0,39422	0,468488	0,629887	0,677419
0,274328	0,281297	0,513514	0,355495	0,400323	0,379821	0,380733	0,378195	0,384619	0,365853	0,3909	0,467687	0,628536	0,678143
0,274462	0,280862	0,513147	0,355705	0,400823	0,379616	0,382503	0,375524	0,37963	0,360761	0,38702	0,463944	0,629449	0,673686
0,27478	0,280419	0,512206	0,35497	0,399606	0,38053	0,382255	0,372182	0,37367	0,356829	0,385002	0,461638	0,628317	0,671868
0,273584	0,280901	0,5113	0,353891	0,398246	0,380854	0,380343	0,36873	0,370476	0,35082	0,379259	0,459506	0,624386	0,670607
0,272614	0,278975	0,509269	0,353533	0,397101	0,378783	0,382263	0,363705	0,366124	0,347306	0,375353	0,455656	0,62488	0,671178
0,272699	0,279676	0,506188	0,352249	0,397713	0,378959	0,379339	0,360478	0,362812	0,344121	0,373045	0,454346	0,62323	0,665531
0,271748	0,27791	0,506259	0,353551	0,397823	0,377887	0,378147	0,357795	0,358392	0,340134	0,369888	0,451186	0,622437	0,668023
0,272569	0,279203	0,506074	0,351882	0,395545	0,377729	0,377672	0,352595	0,355058	0,336563	0,36553	0,448705	0,624756	0,668876
0,270736	0,276896	0,503178	0,351567	0,394587	0,376272	0,376596	0,349141	0,351907	0,332031	0,362403	0,447126	0,622813	0,665459
0,269706	0,277391	0,503817	0,348489	0,3945	0,374461	0,375712	0,347937	0,346605	0,328082	0,35868	0,444405	0,619549	0,662656
0,269813	0,274872	0,501984	0,347209	0,392347	0,374349	0,37301	0,342292	0,344853	0,324378	0,354075	0,442155	0,61926	0,660461
0,268665	0,273319	0,500063	0,346087	0,393182	0,373611	0,373045	0,33967	0,341441	0,321655	0,353113	0,438802	0,615394	0,660565
0,266795	0,272593	0,49621	0,344217	0,389396	0,373753	0,370561	0,335263	0,337319	0,318668	0,349832	0,43603	0,617771	0,659029
0,265819	0,27208	0,493113	0,341938	0,388446	0,370844	0,368125	0,332444	0,333786	0,313797	0,345919	0,43374	0,615215	0,65641
0,26445	0,271652	0,490859	0,341908	0,386555	0,368184	0,367401	0,329347	0,331165	0,311822	0,344309	0,433984	0,615619	0,65433
0,262924	0,268583	0,487949	0,339636	0,384865	0,367847	0,364719	0,325988	0,327334	0,307826	0,340728	0,430694	0,614571	0,655607
0,261896	0,268086	0,486484	0,33808	0,384279	0,36585	0,363795	0,323425	0,324914	0,304781	0,337919	0,429306	0,6126	0,654361
0,260156	0,26598	0,483996	0,33509	0,381059	0,364813	0,362002	0,320231	0,322036	0,303763	0,336107	0,427134	0,612743	0,650542
0,258027	0,264833	0,480003	0,333204	0,3791	0,361151	0,360217	0,31753	0,318481	0,29946	0,332035	0,426432	0,609975	0,651212
0,256734	0,263623	0,478038	0,332252	0,377599	0,359735	0,357853	0,313954	0,314611	0,296472	0,330708	0,4248	0,609882	0,650659
0,255376	0,261346	0,475123	0,328633	0,374075	0,357696	0,355931	0,311252	0,313338	0,294232	0,328755	0,423164	0,60978	0,648006
0,252788	0,259093	0,470656	0,327082	0,37306	0,35558	0,352541	0,308906	0,310603	0,291521	0,326514	0,421558	0,607677	0,64557
0,251365	0,257487	0,468663	0,324871	0,369451	0,352716	0,351127	0,305115	0,308987	0,288767	0,324398	0,419825	0,607085	0,645853
0,24923	0,254661	0,465445	0,322018	0,36732	0,350097	0,347815	0,303095	0,30567	0,286128	0,322618	0,418524	0,606445	0,643612
0,24724	0,253244	0,460497	0,319124	0,364712	0,347902	0,345197	0,300567	0,302907	0,284217	0,32106	0,417752	0,606849	0,642486
0,24441	0,251185	0,457011	0,317182	0,362672	0,345491	0,342957	0,297894	0,301017	0,283172	0,318804	0,415629	0,604296	0,641164
0,242327	0,248532	0,453885	0,314484	0,358981	0,342192	0,339643	0,29601	0,299474	0,279914	0,31731	0,41469	0,603887	0,639339
0,240231	0,246155	0,450863	0,311509	0,356025	0,339798	0,338204	0,292992	0,297521	0,278657	0,316094	0,414226	0,603273	0,638769
0,2387	0,244368	0,445061	0,30908	0,353931	0,337507	0,335447	0,290784	0,29539	0,277313	0,315238	0,413235	0,603035	0,636848
0,236553	0,242284	0,442083	0,306084	0,351383	0,334771	0,332786	0,288601	0,293788	0,27526	0,313424	0,412726	0,601812	0,636718
0,233966	0,239862	0,43862	0,303618	0,348196	0,331079	0,330327	0,286296	0,291712	0,274292	0,312414	0,411008	0,601034	0,634055
0,232059	0,23762	0,436036	0,300985	0,345656	0,330197	0,326664	0,285164	0,290368	0,272577	0,311802	0,41116	0,600592	0,633505
0,230288	0,234597	0,431859	0,297918	0,342504	0,325734	0,324979	0,282973	0,28826	0,272231	0,310703	0,410322	0,597709	0,630204
0,227588	0,233109	0,428066	0,295108	0,33923	0,322402	0,322016	0,280738	0,287237	0,271381	0,309459	0,409542	0,598953	0,629758
0,225921	0,231463	0,425359	0,292428	0,336983	0,319438	0,319802	0,279268	0,285614	0,269364	0,308664	0,408993	0,599258	0,628025
0,223715	0,228293	0,422145	0,290156	0,334054	0,317437	0,316888	0,277376	0,285871	0,269909	0,308837	0,407461	0,597641	0,626493
0,221856	0,226151	0,418278	0,287507	0,331304	0,315224	0,315285	0,276141	0,284725	0,269473	0,307938	0,408818	0,597726	0,625483
0,219794	0,225179	0,414727	0,284717	0,329751	0,311718	0,314244	0,274788	0,284539	0,267797	0,308006	0,407387	0,595978	0,623469
0,218935	0,223351	0,412791	0,280238	0,327428	0,310095	0,309432	0,274023	0,283051	0,266991	0,307674	0,407835	0,593779	0,621422
0,216787	0,221897	0,408182	0,280482	0,324211	0,307322	0,308303	0,273384	0,282926	0,267378	0,307493	0,408665	0,59558	0,622765
0,214541	0,221689	0,407639	0,277641	0,32197	0,304548	0,305917	0,271838	0,283217	0,267428	0,307603	0,40794	0,593499	0,620491
0,214239	0,219539	0,402747	0,275563	0,318167	0,303019	0,304161	0,270073	0,283267	0,267709	0,307573	0,408003	0,594537	0,618289
0,212246	0,216994	0,401124	0,274661	0,318263	0,302511	0,303395	0,270273	0,282749	0,268342	0,30671	0,408658	0,593963	0,617193
0,21226	0,215961	0,399109	0,272317	0,315786	0,299191	0,300617	0,269089	0,284459	0,268052	0,30675	0,409351	0,593506	0,614275
0,210563	0,215069	0,395825	0,269689	0,313793	0,297037	0,299578	0,26979	0,283771	0,268111	0,308054	0,408131	0,591804	0,612624
0,209692	0,214047	0,394056	0,268045	0,312219	0,296094	0,297765	0,269382	0,283729	0,268549	0,30982	0,408708	0,592473	0,61154
0,208907	0,214058	0,393074	0,267061	0,310658	0,294125	0,296175	0,269389	0,284093	0,269084	0,310365	0,412002	0,592334	0,610157
0,20852	0,2127	0,388952	0,266154	0,308051	0,29215	0,295564	0,267716	0,284831	0,270161	0,31069	0,410159	0,590114	0,608069
0,207665	0,212065	0,388116	0,264704	0,307208	0,29243	0,294527	0,269294	0,283717	0,271322	0,31171	0,410838	0,587699	0,604667
0,207168	0,211832	0,387362	0,262617	0,306581	0,290294	0,294084	0,268656	0,284355	0,272124	0,311704	0,41144	0,590219	0,604203
0,206525	0,211498	0,384425	0,261785	0,305501	0,290324	0,293168	0,267925	0,285883	0,272308	0,313183	0,411291	0,587232	0,601614
0,205721	0,211079	0,384763	0,261382	0,30505	0,289535	0,292865	0,268988	0,287316	0,273254	0,313232	0,412056	0,587905	0,599929
0,206184	0,210538	0,382763	0,260702	0,303585	0,288061	0,292293	0,268232	0,287314	0,274622	0,314439	0,413178	0,587157	0,597963
0,205722	0,211184	0,381848	0,259229	0,303031	0,287142	0,29286	0,269367	0,288246	0,276031	0,315917	0,412932	0,585188	0,595968
0,205025	0,210359	0,380984	0,258524	0,302213	0,286795	0,291023	0,269576	0,289882	0,277061	0,317117	0,413581	0,58605	0,592594
0,206326	0,209535	0,381658	0,259928	0,302195	0,286528	0,291394	0,269455	0,290368	0,278385	0,316639	0,413938	0,58316	0,591713
0,206414	0,211354	0,38085	0,258367	0,300087	0,286031	0,291272	0,269485	0,291772	0,278418	0,318169	0,414915	0,582313	0,587644
0,20563	0,210009	0,380432	0,257888	0,301227	0,287356	0,29061	0,270908	0,290522	0,279161	0,319049	0,414932	0,580044	0,584831
0,205449	0,210055	0,379989	0,257104	0,30119	0,28475	0,289919	0,270533	0,291921	0,281435	0,319718	0,41504	0,580646	0,581749
0,207254	0,21163	0,379101	0,257596	0,300726	0,285601	0,290445	0,270246	0,292755	0,2805	0,319625	0,415526	0,578339	0,578808
0,206469	0,212427	0,378441	0,257247	0,300608	0,285508	0,290649	0,270793	0,291392	0,282001	0,320044	0,41473	0,574451	0,576546
0,206775	0,211348	0,378237	0,257591	0,30155	0,284999	0,291323	0,27214	0,292524	0,282005	0,318983	0,414084	0,57226	0,573266
0,207256	0,211765	0,378065	0,256657	0,301249	0,286926	0,29212	0,270843	0,293689	0,281956	0,320503	0,413796	0,572617	0,569884
0,207615	0,212787	0,377344	0,256656	0,301034	0,286158	0,292047	0,270502	0,293479	0,282608	0,319745	0,412846	0,568795	0,566258
0,207834	0,211872	0,378561	0,256445	0,301274	0,286194	0,292178	0,270436	0,293697	0,282611	0,319634	0,411365	0,565848	0,562167
0,208382	0,212222	0,378067	0,257276	0,301455	0,286164	0,291829	0,270695	0,293578	0,282428	0,319027	0,410616	0,562549	0,559515
0,208679	0,212226	0,378552	0,256571	0,301325	0,285826	0,292458	0,270245	0,293234	0,281962	0,318759	0,409424	0,559031	0,553813
0,208421	0,21276	0,378307	0,256495	0,301808	0,286344	0,291227	0,270491	0,294055	0,281553	0,318571	0,407816	0,556869	0,55059
0,208061	0,213305	0,378564	0,256427	0,301578	0,286981	0,291648	0,269435	0,293529	0,282075	0,318378	0,406594	0,555513	0,544922
0,207933	0,213773	0,378301	0,256628	0,302384	0,286919	0,292083	0,269553	0,294019	0,281884	0,316184	0,403644	0,549096	0,541937
0,209117	0,213464	0,378365	0,255977	0,301855	0,286277	0,292668	0,26921	0,293308	0,28101	0,316638	0,4031	0,545099	0,535752
0,209149	0,213361	0,377851	0,255961	0,302185	0,288382	0,292296	0,269418	0,292722	0,280009	0,315724	0,401011	0,542713	0,531209
0,209632	0,213982	0,378699	0,256084	0,302372	0,286763	0,292606	0,268233	0,292926	0,279564	0,314954	0,398854	0,536562	0,526192
0,209813	0,214464	0,378409	0,256991	0,301788	0,287798	0,29267	0,267324	0,291423	0,279258	0,313832	0,398038	0,533556	0,520622
0,210517	0,215587	0,378137	0,256348	0,302521	0,288481	0,293124	0,268056	0,292076	0,279008	0,312804	0,394113	0,529114	0,516263
0,212128	0,216338	0,379267	0,256992	0,302707	0,287578	0,293972	0,26616	0,291773	0,278309	0,31196	0,391369	0,523177	0,510821
0,210715	0,215773	0,379986	0,256864	0,303726	0,289225	0,29465	0,266799	0,291122	0,278483	0,310851	0,388396	0,51893	0,50596
0,211458	0,21676	0,379491	0,258681	0,30297	0,288878	0,293671	0,266267	0,290596	0,278809	0,310071	0,387754	0,513916	0,499564
0,211913	0,217612	0,381121	0,258456	0,303196	0,289662	0,294411	0,266328	0,290402	0,278118	0,308299	0,385064	0,510311	0,494869
0,214391	0,218697	0,381641	0,257563	0,304597	0,290192	0,294261	0,265892	0,289898	0,277041	0,307413	0,38341	0,505498	0,488308
0,214338	0,219351	0,383342	0,258821	0,304868	0,289489	0,29511	0,264078	0,289921	0,276181	0,305858	0,380307	0,499295	0,481804
0,215295	0,219588	0,382666	0,260109	0,305014	0,291175	0,296494	0,26475	0,288562	0,276505	0,304653	0,37744	0,495236	0,477191
0,216156	0,220385	0,383004	0,260113	0,305576	0,291373	0,296082	0,264341	0,288177	0,276801	0,303701	0,375375	0,488469	0,47217
0,215206	0,222057	0,385554	0,260806	0,306365	0,291704	0,295671	0,264878	0,287849	0,275667	0,302691	0,37345	0,482791	0,466178
0,218308	0,222025	0,386845	0,261301	0,307383	0,291916	0,296939	0,263127	0,288132	0,275193	0,301808	0,369657	0,477436	0,460234
0,218285	0,223622	0,387058	0,261414	0,307629	0,292698	0,299458	0,263715	0,286758	0,273742	0,299919	0,367715	0,473377	0,454345
0,219193	0,223666	0,387174	0,260992	0,307362	0,293305	0,297942	0,263109	0,287778	0,274051	0,298631	0,364249	0,467836	0,448778
0,219159	0,225227	0,387943	0,26276	0,30956	0,294211	0,298	0,262976	0,28714	0,274194	0,29792	0,362581	0,463625	0,443704
0,219767	0,224949	0,388229	0,262403	0,308124	0,294433	0,298857	0,261806	0,28586	0,273595	0,29631	0,359425	0,458215	0,438155
0,22144	0,225826	0,389156	0,262965	0,309026	0,295287	0,298255	0,262057	0,285175	0,271705	0,29474	0,357203	0,453784	0,432749
0,22271	0,226702	0,389239	0,263674	0,309923	0,295069	0,299162	0,262063	0,285534	0,27197	0,294455	0,353557	0,446293	0,427388
0,221837	0,227662	0,389444	0,263317	0,308705	0,296067	0,300853	0,261488	0,285605	0,272634	0,292416	0,351657	0,44232	0,421933
0,223728	0,228614	0,390809	0,264299	0,310846	0,295539	0,299799	0,260195	0,285087	0,272121	0,290559	0,349392	0,436675	0,416609
0,223692	0,229118	0,39112	0,264254	0,311936	0,295228	0,301421	0,261262	0,284971	0,271492	0,29014	0,346537	0,432038	0,410816
0,224471	0,227911	0,390607	0,263574	0,312183	0,2966	0,301513	0,261464	0,286302	0,270637	0,289195	0,343394	0,427177	0,405826
0,224966	0,230221	0,391888	0,263715	0,312324	0,296193	0,300728	0,262298	0,284618	0,273214	0,289118	0,3418	0,419487	0,399689
0,2263	0,229267	0,392746	0,265539	0,310464	0,296348	0,301062	0,262058	0,284983	0,270782	0,288751	0,339575	0,417151	0,39648
0,226805	0,230505	0,390628	0,263585	0,31195	0,296482	0,299644	0,260586	0,283774	0,2704	0,28676	0,336911	0,411724	0,392208
0,226615	0,231898	0,393219	0,263175	0,311708	0,297522	0,300108	0,2625	0,283679	0,270353	0,286344	0,334526	0,407732	0,385989
0,227979	0,230784	0,3917	0,263482	0,311926	0,296002	0,29997	0,260073	0,286946	0,271816	0,287598	0,333303	0,402936	0,382558
0,228271	0,232116	0,390982	0,265943	0,311018	0,297618	0,300062	0,261857	0,286787	0,270429	0,286874	0,331287	0,397449	0,378948
0,230512	0,23336	0,393566	0,265015	0,310296	0,297002	0,301549	0,261509	0,287181	0,272816	0,2869	0,328858	0,394911	0,376059
0,228764	0,232771	0,392303	0,262921	0,310898	0,298097	0,301061	0,263549	0,288032	0,273466	0,288024	0,329093	0,390574	0,371092
0,23073	0,233037	0,392988	0,265492	0,312233	0,298632	0,302042	0,265664	0,290215	0,274194	0,28896	0,327069	0,388784	0,365408
0,231649	0,235414	0,392248	0,265461	0,312065	0,298058	0,301547	0,265372	0,289938	0,273797	0,287955	0,326798	0,382875	0,364285
0,230825	0,235416	0,394718	0,26573	0,311693	0,296354	0,30199	0,267346	0,292873	0,2777	0,288759	0,32591	0,380298	0,359684
0,232084	0,237839	0,393605	0,263351	0,311619	0,298035	0,302395	0,267006	0,294939	0,279258	0,289654	0,327334	0,375415	0,357377
0,232877	0,237266	0,393742	0,264548	0,313016	0,298057	0,30335	0,269956	0,297623	0,280307	0,291241	0,326551	0,372956	0,354577
0,233724	0,236683	0,393869	0,264598	0,31336	0,297032	0,301975	0,271689	0,29708	0,282494	0,293345	0,32662	0,371335	0,351761
0,232479	0,238594	0,394041	0,263835	0,313212	0,296001	0,303484	0,273204	0,300821	0,284259	0,294522	0,325399	0,368284	0,350298
0,234262	0,238621	0,393554	0,265478	0,309699	0,296827	0,303303	0,272641	0,303348	0,287114	0,295853	0,325469	0,365323	0,346626
0,233985	0,239415	0,396092	0,264361	0,311401	0,298281	0,304966	0,276678	0,302173	0,291047	0,296864	0,325904	0,363473	0,343966
0,2343	0,239604	0,395233	0,265877	0,310837	0,29856	0,3046	0,277545	0,306784	0,2908	0,300037	0,327683	0,360265	0,343709

