1
0.1
0.001
0.0001
0.00001
0.000001
0.0000001
0.00000001
0.000000001
0.0000000001
0.00000000001
0.000000000001
0.0000000000001
0,051609	0,0525		0,046419	0,064149	0,054428	0,136849	0,568907	0,742203	0,79357	0,742064	0,574245	0,202092	0,01928
0,050604	0,053221		0,051958	0,062772	0,059191	0,137015	0,580075	0,749999	0,791766	0,743483	0,577162	0,201457	0,018338
0,052355	0,052733		0,051815	0,065091	0,062681	0,13863	0,578389	0,751545	0,801415	0,746891	0,574606	0,205527	0,020184
0,057235	0,053419		0,050925	0,069629	0,061824	0,14351	0,57984	0,759409	0,811398	0,750381	0,580184	0,204121	0,01914
0,055343	0,056368		0,055411	0,066405	0,066285	0,141273	0,583494	0,75674	0,826853	0,755604	0,589422	0,207851	0,021167
0,057705	0,057292		0,053212	0,072038	0,063566	0,140298	0,585872	0,7694	0,812093	0,763705	0,589323	0,203533	0,024267
0,056659	0,056635		0,057718	0,07027	0,064976	0,140973	0,592647	0,768828	0,814028	0,76373	0,592446	0,205179	0,021933
0,060686	0,060089		0,060791	0,072512	0,06381	0,145793	0,58773	0,768071	0,812529	0,761882	0,595208	0,208212	0,025023
0,062077	0,058812		0,061293	0,074127	0,0675	0,148166	0,592669	0,778741	0,828054	0,762564	0,598556	0,210535	0,023791
0,062844	0,064103		0,060862	0,075081	0,072371	0,153195	0,596909	0,773035	0,827808	0,772223	0,592718	0,211731	0,024881
0,063805	0,065557		0,063339	0,0758	0,071155	0,153207	0,595838	0,782206	0,831988	0,773077	0,5942	0,209177	0,025746
0,064879	0,067833		0,063977	0,08033	0,075534	0,154378	0,599589	0,779225	0,835313	0,781316	0,597652	0,21429	0,026605
0,06786	0,070601		0,064669	0,08168	0,078874	0,154915	0,604719	0,78524	0,828664	0,781264	0,60874	0,211134	0,0293
0,064581	0,069481		0,067838	0,081921	0,078393	0,15639	0,609417	0,781654	0,837254	0,782297	0,605835	0,217102	0,029324
0,068901	0,072933		0,06613	0,084582	0,080832	0,159456	0,604783	0,780746	0,839991	0,784352	0,609397	0,215369	0,02546
0,071891	0,069771		0,068483	0,088713	0,08165	0,15863	0,605994	0,787107	0,846403	0,789634	0,608243	0,218301	0,030398
0,071885	0,072329		0,073133	0,084082	0,083875	0,162772	0,608909	0,792313	0,846686	0,784857	0,612441	0,217967	0,02742
0,073567	0,075702		0,071089	0,08953	0,085885	0,163711	0,612303	0,791622	0,850628	0,799832	0,61121	0,217744	0,028728
0,073723	0,078709		0,072415	0,093143	0,085259	0,162698	0,614645	0,797104	0,854011	0,799733	0,617362	0,218867	0,034491
0,07426	0,081678		0,07619	0,094887	0,089111	0,167294	0,618192	0,797354	0,853503	0,797804	0,616628	0,220614	0,033451
0,079422	0,077691		0,077101	0,094804	0,091011	0,169247	0,622552	0,80269	0,865134	0,793287	0,615991	0,221465	0,033075
0,082708	0,080068		0,081907	0,099243	0,09117	0,173975	0,62768	0,811542	0,861303	0,805025	0,623361	0,225829	0,035838
0,080489	0,080788		0,085539	0,09887	0,091594	0,171089	0,624383	0,812317	0,866591	0,808485	0,625755	0,229876	0,039489
0,082306	0,086114		0,08396	0,101358	0,097437	0,172597	0,625582	0,818307	0,869932	0,815034	0,625138	0,223761	0,04158
0,083418	0,086068		0,089583	0,103411	0,10092	0,17785	0,634386	0,830663	0,879539	0,80831	0,636331	0,233091	0,041859
0,088875	0,087345		0,08776	0,106495	0,099142	0,177285	0,635183	0,817983	0,882893	0,823923	0,637723	0,231605	0,04107
0,089431	0,088577		0,091872	0,10657	0,104177	0,175796	0,633696	0,832791	0,87886	0,826927	0,638175	0,230687	0,046582
0,085626	0,091365		0,093841	0,109191	0,104907	0,18082	0,640804	0,837861	0,894868	0,826024	0,637357	0,235671	0,047169
0,089347	0,090534		0,094903	0,111986	0,107971	0,186684	0,647706	0,835376	0,894339	0,8292	0,648885	0,232989	0,049265
0,090005	0,092815		0,095644	0,112939	0,108688	0,188617	0,65129	0,840694	0,892719	0,842291	0,649228	0,239027	0,047988
0,091514	0,09155		0,097769	0,117681	0,112783	0,190645	0,643921	0,847256	0,907436	0,848925	0,653974	0,241758	0,050091
0,094904	0,095118		0,099355	0,118472	0,113009	0,193787	0,653997	0,85086	0,91158	0,846355	0,656158	0,241021	0,048031
0,093444	0,096057		0,100584	0,120238	0,11544	0,196863	0,656105	0,862341	0,91761	0,849181	0,662638	0,245721	0,052758
0,093733	0,0979		0,103425	0,12335	0,11717	0,197857	0,664131	0,86523	0,923579	0,846284	0,663671	0,244911	0,057485
0,098153	0,101681		0,104667	0,125652	0,117889	0,196003	0,661201	0,86603	0,927842	0,867296	0,670289	0,249629	0,058048
0,099254	0,099204		0,110539	0,129814	0,12084	0,196385	0,671096	0,866574	0,939192	0,872735	0,670617	0,254401	0,058669
0,099254	0,103183		0,109239	0,127658	0,121782	0,199018	0,668113	0,870097	0,94416	0,872246	0,675765	0,253085	0,064253
0,099494	0,101776		0,112535	0,130911	0,124744	0,201616	0,66958	0,885827	0,948763	0,875836	0,682703	0,253976	0,065425
0,104005	0,101078		0,116142	0,13233	0,1265	0,205109	0,677037	0,901042	0,948373	0,885501	0,685477	0,256382	0,068212
0,104614	0,104591		0,116318	0,135354	0,129583	0,205316	0,675944	0,893783	0,957926	0,886333	0,690914	0,258965	0,071873
0,106165	0,105744		0,118182	0,137011	0,130771	0,209627	0,685131	0,893204	0,961049	0,883047	0,69509	0,260972	0,075559
0,103637	0,106071		0,120877	0,137596	0,133141	0,209305	0,693198	0,900096	0,973498	0,901497	0,697354	0,262699	0,076349
0,105588	0,108694		0,121158	0,142482	0,131623	0,211238	0,694752	0,903921	0,967699	0,907337	0,702319	0,266959	0,07911
0,106578	0,10996		0,121135	0,146525	0,137731	0,211198	0,691021	0,909353	0,971902	0,900222	0,707408	0,269659	0,08185
0,107947	0,112799		0,12314	0,145366	0,140614	0,215296	0,692391	0,910955	0,987969	0,915213	0,711374	0,269184	0,086524
0,112727	0,114212		0,127299	0,148594	0,141791	0,214435	0,699258	0,930131	0,998541	0,918428	0,712552	0,273815	0,086311
0,108161	0,111759		0,12891	0,149155	0,141513	0,217842	0,700909	0,921107	0,996245	0,920831	0,711244	0,274599	0,092464
0,113782	0,114539		0,133626	0,150626	0,14092	0,222239	0,707651	0,92437	0,989488	0,918181	0,716281	0,277708	0,090762
0,113204	0,113942		0,133285	0,153252	0,147426	0,221524	0,709758	0,926243	1,00634	0,915515	0,714572	0,281593	0,097619
0,1137	0,116165		0,134748	0,156581	0,149219	0,221652	0,701218	0,932006	0,996194	0,918063	0,721733	0,280508	0,102494
0,115664	0,120751		0,135363	0,1595	0,150016	0,225133	0,704963	0,939924	1,001365	0,929566	0,724426	0,290185	0,107437
0,117961	0,119262		0,138727	0,159975	0,152466	0,227674	0,708121	0,938547	1,003133	0,928115	0,723806	0,289381	0,110027
0,119269	0,120787		0,141033	0,163523	0,156517	0,227465	0,707782	0,936187	1,009919	0,924709	0,724402	0,29168	0,111855
0,119401	0,121882		0,14257	0,16647	0,15674	0,230985	0,707821	0,942691	1,013047	0,936072	0,730016	0,298371	0,117443
0,120037	0,124561		0,144335	0,169362	0,157312	0,230808	0,713503	0,935054	1,011433	0,935995	0,724771	0,301295	0,120987
0,119585	0,126142		0,145609	0,169546	0,159435	0,230888	0,709365	0,933668	1,014429	0,935428	0,731654	0,301585	0,126494
0,121517	0,123298		0,151277	0,169414	0,160668	0,233848	0,708807	0,935208	1,017961	0,93166	0,729201	0,306156	0,130805
0,123867	0,125112		0,15108	0,175058	0,161498	0,231696	0,705027	0,932944	1,015258	0,929708	0,730904	0,308782	0,139074
0,125934	0,127771		0,154309	0,177361	0,164978	0,235828	0,707793	0,936113	1,007096	0,933252	0,733414	0,314491	0,145426
0,127275	0,12899		0,157116	0,177422	0,167089	0,236928	0,709314	0,938103	1,005732	0,927927	0,729513	0,314992	0,152483
0,129361	0,131046		0,158577	0,179645	0,170318	0,239936	0,709814	0,937985	1,00923	0,932681	0,728631	0,318841	0,155688
0,128685	0,132639		0,161941	0,181684	0,171549	0,239693	0,7074	0,930911	0,997252	0,923625	0,728584	0,32229	0,161618
0,132238	0,132386		0,162913	0,186186	0,174773	0,241863	0,702836	0,930847	1,0049	0,923523	0,731695	0,323402	0,168255
0,13231	0,134796		0,16291	0,187831	0,174787	0,243307	0,704734	0,929316	0,996543	0,915452	0,733009	0,327809	0,175475
0,132066	0,135094		0,164214	0,189572	0,177518	0,244667	0,699616	0,924113	0,991135	0,919637	0,728032	0,332204	0,17955
0,133198	0,136839		0,16766	0,190989	0,17964	0,247168	0,696314	0,916794	0,989186	0,914008	0,725402	0,338621	0,188397
0,136269	0,138248		0,169901	0,192366	0,179985	0,248348	0,697671	0,91256	0,978807	0,907733	0,721913	0,341207	0,195893
0,136649	0,140444		0,171862	0,196547	0,185118	0,25235	0,694491	0,909139	0,97782	0,906487	0,721318	0,346172	0,202402
0,137424	0,14249		0,173938	0,198546	0,188372	0,250424	0,693766	0,910217	0,973647	0,902703	0,715971	0,34961	0,207966
0,138807	0,140745		0,175548	0,201644	0,186011	0,254027	0,691693	0,904977	0,960425	0,891665	0,720274	0,354598	0,216352
0,139851	0,144757		0,179618	0,204043	0,18901	0,251893	0,685536	0,907448	0,972587	0,888968	0,71215	0,359847	0,224262
0,14323	0,14564		0,179893	0,204206	0,191588	0,256345	0,687383	0,89713	0,958232	0,883091	0,71256	0,364412	0,233331
0,14467	0,145656		0,182647	0,207642	0,192833	0,256712	0,683169	0,889469	0,953847	0,87917	0,712717	0,370651	0,238819
0,14707	0,148704		0,184049	0,209788	0,196925	0,260458	0,685024	0,888257	0,944309	0,878194	0,707364	0,370148	0,24942
0,147134	0,148571		0,186334	0,212377	0,198261	0,260586	0,680907	0,884729	0,941313	0,870963	0,706547	0,377681	0,256217
0,149462	0,150937		0,189473	0,213486	0,200419	0,264577	0,677829	0,872681	0,932633	0,869982	0,705587	0,382994	0,261854
0,148246	0,150488		0,192087	0,217276	0,202566	0,2644	0,676112	0,870747	0,933647	0,862731	0,703887	0,387657	0,274089
0,152699	0,155486		0,19386	0,218599	0,204769	0,267768	0,673395	0,869871	0,915441	0,860934	0,697027	0,392405	0,284782
0,153863	0,156169		0,194445	0,22294	0,206176	0,26749	0,67658	0,861641	0,91956	0,843115	0,703833	0,398196	0,290062
0,155285	0,157828		0,198489	0,225079	0,209418	0,266748	0,675532	0,857463	0,907727	0,853435	0,698897	0,405954	0,300496
0,157151	0,161099		0,199084	0,22708	0,210287	0,272148	0,664636	0,853711	0,909023	0,844956	0,695864	0,411475	0,306505
0,160101	0,161128		0,201681	0,228784	0,214575	0,27182	0,672239	0,845712	0,904836	0,834809	0,697001	0,417619	0,317048
0,160812	0,164349		0,205827	0,231251	0,216021	0,272889	0,664186	0,846189	0,889317	0,832726	0,69392	0,421201	0,328376
0,160777	0,165472		0,207501	0,232088	0,216414	0,277058	0,657504	0,841871	0,889535	0,834769	0,689406	0,427169	0,337785
0,164234	0,165902		0,208874	0,23511	0,219267	0,280763	0,662882	0,841838	0,879536	0,828785	0,687461	0,430559	0,34685
0,163984	0,169649		0,211141	0,240043	0,222066	0,281184	0,657756	0,834692	0,87429	0,819627	0,688938	0,438585	0,35426
0,166903	0,168824		0,213878	0,243113	0,226425	0,283357	0,655479	0,825026	0,871452	0,811136	0,68371	0,443241	0,366416
0,169259	0,171294		0,21424	0,245796	0,229402	0,283714	0,656757	0,816287	0,862686	0,804333	0,6822	0,453557	0,376304
0,171725	0,174375		0,219079	0,246848	0,232038	0,28983	0,652247	0,819096	0,859772	0,800243	0,679823	0,457241	0,385768
0,172442	0,17663		0,220579	0,249346	0,235352	0,293308	0,652567	0,806822	0,842322	0,790917	0,67543	0,466172	0,395146
0,176102	0,179243		0,22281	0,252384	0,235793	0,293183	0,646157	0,803207	0,843159	0,790543	0,676025	0,472098	0,405275
0,180096	0,179476		0,227403	0,25723	0,240626	0,2947	0,642517	0,800626	0,836042	0,783451	0,679062	0,477559	0,416258
0,178646	0,180031		0,227925	0,258702	0,242681	0,297304	0,642336	0,789193	0,827257	0,777967	0,67239	0,483277	0,4244
0,181079	0,18442		0,232883	0,260629	0,245432	0,29815	0,639609	0,786721	0,825264	0,774262	0,672437	0,489072	0,434673
0,182787	0,186779		0,233373	0,262828	0,248234	0,300775	0,63548	0,779661	0,813277	0,770915	0,67675	0,493767	0,443381
0,184573	0,187692		0,235246	0,267225	0,249612	0,304351	0,633275	0,773077	0,80935	0,764976	0,67079	0,500254	0,449468
0,185379	0,189526		0,240511	0,270307	0,251734	0,303539	0,62809	0,770199	0,795011	0,755685	0,665973	0,505933	0,459875
0,188987	0,191872		0,243372	0,272624	0,2545	0,307288	0,628319	0,766248	0,795085	0,749857	0,664848	0,511984	0,469051
0,190384	0,192857		0,245452	0,275354	0,257686	0,308355	0,622581	0,758987	0,785409	0,742712	0,662661	0,515858	0,47787
0,193127	0,196398		0,24824	0,278765	0,259965	0,310537	0,619362	0,748737	0,778987	0,740884	0,659288	0,52193	0,488272
0,194487	0,197809		0,250732	0,28226	0,264038	0,312185	0,618058	0,745538	0,772857	0,735573	0,65625	0,526597	0,495519
0,19476	0,200511		0,253948	0,283208	0,267326	0,31608	0,6134	0,742844	0,765371	0,730371	0,65732	0,533678	0,502221
0,19576	0,20123		0,256294	0,287178	0,268182	0,316914	0,609426	0,729716	0,754944	0,719962	0,653202	0,536781	0,511278
0,201037	0,202165		0,258626	0,289111	0,272532	0,320054	0,604849	0,725962	0,746891	0,715545	0,650627	0,540908	0,520496
0,203109	0,20619		0,260312	0,292894	0,276895	0,319463	0,602415	0,718014	0,742818	0,706793	0,647863	0,544441	0,525116
0,203084	0,207323		0,263048	0,295547	0,279596	0,321329	0,599592	0,712136	0,733607	0,700212	0,639141	0,548495	0,530983
0,204422	0,207914		0,265235	0,297111	0,280589	0,324483	0,591276	0,708163	0,726117	0,696559	0,636771	0,553907	0,540949
0,206739	0,211295		0,269299	0,302722	0,283005	0,326483	0,58954	0,698316	0,715117	0,686728	0,636774	0,559207	0,54632
0,209353	0,212603		0,269803	0,304645	0,283909	0,329872	0,584452	0,691334	0,706628	0,68042	0,630125	0,565692	0,55292
0,212604	0,214885		0,272635	0,306197	0,287832	0,329026	0,580871	0,682155	0,696378	0,672488	0,633343	0,56872	0,556372
0,212373	0,218353		0,277752	0,309774	0,29112	0,331528	0,578672	0,669458	0,692342	0,666622	0,62638	0,574231	0,565568
0,216061	0,219272		0,280097	0,315484	0,294626	0,333647	0,572547	0,664566	0,675565	0,658341	0,626345	0,575393	0,567696
0,216277	0,221995		0,282128	0,315204	0,296899	0,335129	0,56499	0,65526	0,672671	0,652601	0,618421	0,577226	0,577741
0,217995	0,222156		0,284804	0,320175	0,299286	0,338967	0,561587	0,649884	0,662211	0,645437	0,616304	0,583413	0,580653
0,219408	0,224692		0,286874	0,324897	0,301276	0,337438	0,559323	0,642879	0,655634	0,637269	0,611614	0,586996	0,586656
0,221212	0,225748		0,292386	0,324413	0,305373	0,342595	0,550146	0,63727	0,648128	0,632965	0,608532	0,587283	0,592945
0,223844	0,229977		0,29305	0,328812	0,308556	0,343789	0,547977	0,628452	0,636959	0,62318	0,604496	0,588592	0,600599
0,225901	0,229193		0,296171	0,329972	0,309471	0,345072	0,546105	0,620171	0,632247	0,617166	0,601766	0,58992	0,603096
0,228581	0,232158		0,297383	0,333231	0,312041	0,344657	0,540671	0,611578	0,622173	0,612388	0,596501	0,596642	0,606562
0,229483	0,233848		0,30167	0,336462	0,314633	0,347806	0,535247	0,605777	0,61676	0,602683	0,593828	0,596668	0,609159
0,230915	0,236001		0,302961	0,339478	0,319273	0,349623	0,532334	0,602218	0,607604	0,595019	0,592509	0,600203	0,615254
0,232999	0,237764		0,305081	0,341813	0,320468	0,351832	0,524188	0,593347	0,598296	0,590437	0,584636	0,603751	0,619326
0,234638	0,239944		0,308312	0,344837	0,323459	0,354472	0,523546	0,585451	0,590847	0,582793	0,583744	0,607656	0,622201
0,237935	0,240707		0,309722	0,347531	0,325124	0,355095	0,517952	0,5783	0,584914	0,577089	0,579783	0,608261	0,628665
0,238231	0,243354		0,312434	0,349756	0,327595	0,355209	0,51303	0,573033	0,577373	0,569799	0,575079	0,610418	0,630417
0,239768	0,245197		0,315195	0,352125	0,330486	0,356954	0,5092	0,567715	0,568394	0,565816	0,571807	0,613397	0,635237
0,241958	0,2468		0,317591	0,353582	0,333112	0,357957	0,506557	0,561902	0,561254	0,558478	0,566801	0,615618	0,638233
0,243397	0,248662		0,320281	0,357396	0,335008	0,36104	0,502029	0,55441	0,551934	0,551225	0,565133	0,616989	0,64272
0,244403	0,249631		0,321236	0,358962	0,336432	0,362753	0,498551	0,548805	0,545534	0,54445	0,562954	0,618224	0,644611
0,246324	0,251732		0,32294	0,361377	0,33994	0,362728	0,492999	0,540295	0,539637	0,53878	0,559458	0,619943	0,64601
0,248136	0,253834		0,325003	0,364938	0,34318	0,364431	0,489269	0,534226	0,52868	0,531615	0,55501	0,62085	0,650121
0,249319	0,254824		0,326988	0,366045	0,343552	0,366123	0,484124	0,527747	0,524299	0,527261	0,552024	0,621984	0,652385
0,251838	0,257619		0,3283	0,368817	0,346492	0,367422	0,481956	0,523072	0,516587	0,520317	0,549515	0,62481	0,654508
0,254004	0,258931		0,33175	0,371131	0,348703	0,368885	0,476475	0,515872	0,50914	0,514255	0,545213	0,626477	0,659229
0,25444	0,260837		0,333323	0,372816	0,351403	0,370783	0,473087	0,509487	0,503274	0,508672	0,542677	0,628388	0,661299
0,25657	0,261771		0,335744	0,375174	0,352353	0,372174	0,469273	0,504639	0,495842	0,502815	0,538483	0,629124	0,664874
0,258384	0,263064		0,338311	0,376651	0,356144	0,373111	0,464842	0,497343	0,491164	0,4962	0,534608	0,631292	0,666624
0,258923	0,26556		0,339054	0,378293	0,356246	0,374122	0,460126	0,491533	0,481688	0,491377	0,533289	0,630444	0,666129
0,260647	0,266453		0,342136	0,379928	0,35969	0,374753	0,457659	0,48453	0,475775	0,484264	0,528074	0,630687	0,670774
0,263159	0,268237		0,342759	0,383048	0,361295	0,376612	0,452476	0,479279	0,469027	0,480305	0,526267	0,633049	0,673843
0,263648	0,269134		0,344115	0,384641	0,362734	0,377999	0,448063	0,473921	0,463064	0,474185	0,522488	0,63272	0,674849
0,26458	0,270892		0,344928	0,386159	0,364842	0,378474	0,443675	0,46705	0,45569	0,469078	0,518643	0,635376	0,675895
0,2656	0,2713		0,347291	0,387875	0,366297	0,379489	0,441389	0,462712	0,44958	0,464026	0,515921	0,633956	0,678783
0,266736	0,273796		0,347763	0,389863	0,366879	0,37977	0,436297	0,455493	0,444685	0,459397	0,512423	0,634586	0,679501
0,267331	0,273974		0,34865	0,390953	0,370417	0,380978	0,433187	0,451961	0,438894	0,452532	0,508102	0,63274	0,676384
0,269231	0,275434		0,351443	0,391091	0,369465	0,381768	0,429181	0,444203	0,432379	0,448937	0,506969	0,632872	0,681293
0,269095	0,276137		0,351161	0,394103	0,371727	0,382646	0,423764	0,439448	0,426705	0,442269	0,50223	0,633397	0,680116
0,271371	0,277191		0,352603	0,394053	0,374248	0,382884	0,418949	0,434668	0,419883	0,438487	0,500815	0,634443	0,679862
0,271285	0,2784		0,353436	0,395774	0,37386	0,384747	0,414519	0,429579	0,412751	0,433909	0,494953	0,633078	0,681041
0,272205	0,279296		0,352872	0,398309	0,376221	0,383722	0,410365	0,421608	0,407526	0,428195	0,492128	0,636087	0,679297
0,273499	0,278612		0,354761	0,397696	0,377698	0,384258	0,406672	0,418053	0,401487	0,423305	0,489566	0,633599	0,681427
0,274688	0,27975		0,354171	0,398837	0,378118	0,385458	0,40356	0,412949	0,396186	0,417694	0,48642	0,636409	0,680397
0,273547	0,278736		0,35423	0,398463	0,378414	0,384906	0,399532	0,40793	0,391108	0,411269	0,482148	0,633277	0,681647
0,273262	0,280429		0,354435	0,401128	0,379026	0,385248	0,393503	0,404235	0,386573	0,408921	0,478215	0,633461	0,680161
0,273333	0,280419		0,354714	0,40079	0,380884	0,38343	0,391138	0,398395	0,380572	0,404866	0,477433	0,632018	0,680685
0,275798	0,280441		0,355241	0,398353	0,381097	0,384428	0,386236	0,392778	0,373964	0,399754	0,473966	0,632472	0,678114
0,273805	0,281221		0,354013	0,399979	0,380536	0,384348	0,38184	0,389948	0,37139	0,39422	0,468488	0,629887	0,677419
0,274328	0,281297		0,355495	0,400323	0,379821	0,380733	0,378195	0,384619	0,365853	0,3909	0,467687	0,628536	0,678143
0,274462	0,280862		0,355705	0,400823	0,379616	0,382503	0,375524	0,37963	0,360761	0,38702	0,463944	0,629449	0,673686
0,27478	0,280419		0,35497	0,399606	0,38053	0,382255	0,372182	0,37367	0,356829	0,385002	0,461638	0,628317	0,671868
0,273584	0,280901		0,353891	0,398246	0,380854	0,380343	0,36873	0,370476	0,35082	0,379259	0,459506	0,624386	0,670607
0,272614	0,278975		0,353533	0,397101	0,378783	0,382263	0,363705	0,366124	0,347306	0,375353	0,455656	0,62488	0,671178
0,272699	0,279676		0,352249	0,397713	0,378959	0,379339	0,360478	0,362812	0,344121	0,373045	0,454346	0,62323	0,665531
0,271748	0,27791		0,353551	0,397823	0,377887	0,378147	0,357795	0,358392	0,340134	0,369888	0,451186	0,622437	0,668023
0,272569	0,279203		0,351882	0,395545	0,377729	0,377672	0,352595	0,355058	0,336563	0,36553	0,448705	0,624756	0,668876
0,270736	0,276896		0,351567	0,394587	0,376272	0,376596	0,349141	0,351907	0,332031	0,362403	0,447126	0,622813	0,665459
0,269706	0,277391		0,348489	0,3945	0,374461	0,375712	0,347937	0,346605	0,328082	0,35868	0,444405	0,619549	0,662656
0,269813	0,274872		0,347209	0,392347	0,374349	0,37301	0,342292	0,344853	0,324378	0,354075	0,442155	0,61926	0,660461
0,268665	0,273319		0,346087	0,393182	0,373611	0,373045	0,33967	0,341441	0,321655	0,353113	0,438802	0,615394	0,660565
0,266795	0,272593		0,344217	0,389396	0,373753	0,370561	0,335263	0,337319	0,318668	0,349832	0,43603	0,617771	0,659029
0,265819	0,27208		0,341938	0,388446	0,370844	0,368125	0,332444	0,333786	0,313797	0,345919	0,43374	0,615215	0,65641
0,26445	0,271652		0,341908	0,386555	0,368184	0,367401	0,329347	0,331165	0,311822	0,344309	0,433984	0,615619	0,65433
0,262924	0,268583		0,339636	0,384865	0,367847	0,364719	0,325988	0,327334	0,307826	0,340728	0,430694	0,614571	0,655607
0,261896	0,268086		0,33808	0,384279	0,36585	0,363795	0,323425	0,324914	0,304781	0,337919	0,429306	0,6126	0,654361
0,260156	0,26598		0,33509	0,381059	0,364813	0,362002	0,320231	0,322036	0,303763	0,336107	0,427134	0,612743	0,650542
0,258027	0,264833		0,333204	0,3791	0,361151	0,360217	0,31753	0,318481	0,29946	0,332035	0,426432	0,609975	0,651212
0,256734	0,263623		0,332252	0,377599	0,359735	0,357853	0,313954	0,314611	0,296472	0,330708	0,4248	0,609882	0,650659
0,255376	0,261346		0,328633	0,374075	0,357696	0,355931	0,311252	0,313338	0,294232	0,328755	0,423164	0,60978	0,648006
0,252788	0,259093		0,327082	0,37306	0,35558	0,352541	0,308906	0,310603	0,291521	0,326514	0,421558	0,607677	0,64557
0,251365	0,257487		0,324871	0,369451	0,352716	0,351127	0,305115	0,308987	0,288767	0,324398	0,419825	0,607085	0,645853
0,24923	0,254661		0,322018	0,36732	0,350097	0,347815	0,303095	0,30567	0,286128	0,322618	0,418524	0,606445	0,643612
0,24724	0,253244		0,319124	0,364712	0,347902	0,345197	0,300567	0,302907	0,284217	0,32106	0,417752	0,606849	0,642486
0,24441	0,251185		0,317182	0,362672	0,345491	0,342957	0,297894	0,301017	0,283172	0,318804	0,415629	0,604296	0,641164
0,242327	0,248532		0,314484	0,358981	0,342192	0,339643	0,29601	0,299474	0,279914	0,31731	0,41469	0,603887	0,639339
0,240231	0,246155		0,311509	0,356025	0,339798	0,338204	0,292992	0,297521	0,278657	0,316094	0,414226	0,603273	0,638769
0,2387	0,244368		0,30908	0,353931	0,337507	0,335447	0,290784	0,29539	0,277313	0,315238	0,413235	0,603035	0,636848
0,236553	0,242284		0,306084	0,351383	0,334771	0,332786	0,288601	0,293788	0,27526	0,313424	0,412726	0,601812	0,636718
0,233966	0,239862		0,303618	0,348196	0,331079	0,330327	0,286296	0,291712	0,274292	0,312414	0,411008	0,601034	0,634055
0,232059	0,23762		0,300985	0,345656	0,330197	0,326664	0,285164	0,290368	0,272577	0,311802	0,41116	0,600592	0,633505
0,230288	0,234597		0,297918	0,342504	0,325734	0,324979	0,282973	0,28826	0,272231	0,310703	0,410322	0,597709	0,630204
0,227588	0,233109		0,295108	0,33923	0,322402	0,322016	0,280738	0,287237	0,271381	0,309459	0,409542	0,598953	0,629758
0,225921	0,231463		0,292428	0,336983	0,319438	0,319802	0,279268	0,285614	0,269364	0,308664	0,408993	0,599258	0,628025
0,223715	0,228293		0,290156	0,334054	0,317437	0,316888	0,277376	0,285871	0,269909	0,308837	0,407461	0,597641	0,626493
0,221856	0,226151		0,287507	0,331304	0,315224	0,315285	0,276141	0,284725	0,269473	0,307938	0,408818	0,597726	0,625483
0,219794	0,225179		0,284717	0,329751	0,311718	0,314244	0,274788	0,284539	0,267797	0,308006	0,407387	0,595978	0,623469
0,218935	0,223351		0,280238	0,327428	0,310095	0,309432	0,274023	0,283051	0,266991	0,307674	0,407835	0,593779	0,621422
0,216787	0,221897		0,280482	0,324211	0,307322	0,308303	0,273384	0,282926	0,267378	0,307493	0,408665	0,59558	0,622765
0,214541	0,221689		0,277641	0,32197	0,304548	0,305917	0,271838	0,283217	0,267428	0,307603	0,40794	0,593499	0,620491
0,214239	0,219539		0,275563	0,318167	0,303019	0,304161	0,270073	0,283267	0,267709	0,307573	0,408003	0,594537	0,618289
0,212246	0,216994		0,274661	0,318263	0,302511	0,303395	0,270273	0,282749	0,268342	0,30671	0,408658	0,593963	0,617193
0,21226	0,215961		0,272317	0,315786	0,299191	0,300617	0,269089	0,284459	0,268052	0,30675	0,409351	0,593506	0,614275
0,210563	0,215069		0,269689	0,313793	0,297037	0,299578	0,26979	0,283771	0,268111	0,308054	0,408131	0,591804	0,612624
0,209692	0,214047		0,268045	0,312219	0,296094	0,297765	0,269382	0,283729	0,268549	0,30982	0,408708	0,592473	0,61154
0,208907	0,214058		0,267061	0,310658	0,294125	0,296175	0,269389	0,284093	0,269084	0,310365	0,412002	0,592334	0,610157
0,20852	0,2127		0,266154	0,308051	0,29215	0,295564	0,267716	0,284831	0,270161	0,31069	0,410159	0,590114	0,608069
0,207665	0,212065		0,264704	0,307208	0,29243	0,294527	0,269294	0,283717	0,271322	0,31171	0,410838	0,587699	0,604667
0,207168	0,211832		0,262617	0,306581	0,290294	0,294084	0,268656	0,284355	0,272124	0,311704	0,41144	0,590219	0,604203
0,206525	0,211498		0,261785	0,305501	0,290324	0,293168	0,267925	0,285883	0,272308	0,313183	0,411291	0,587232	0,601614
0,205721	0,211079		0,261382	0,30505	0,289535	0,292865	0,268988	0,287316	0,273254	0,313232	0,412056	0,587905	0,599929
0,206184	0,210538		0,260702	0,303585	0,288061	0,292293	0,268232	0,287314	0,274622	0,314439	0,413178	0,587157	0,597963
0,205722	0,211184		0,259229	0,303031	0,287142	0,29286	0,269367	0,288246	0,276031	0,315917	0,412932	0,585188	0,595968
0,205025	0,210359		0,258524	0,302213	0,286795	0,291023	0,269576	0,289882	0,277061	0,317117	0,413581	0,58605	0,592594
0,206326	0,209535		0,259928	0,302195	0,286528	0,291394	0,269455	0,290368	0,278385	0,316639	0,413938	0,58316	0,591713
0,206414	0,211354		0,258367	0,300087	0,286031	0,291272	0,269485	0,291772	0,278418	0,318169	0,414915	0,582313	0,587644
0,20563	0,210009		0,257888	0,301227	0,287356	0,29061	0,270908	0,290522	0,279161	0,319049	0,414932	0,580044	0,584831
0,205449	0,210055		0,257104	0,30119	0,28475	0,289919	0,270533	0,291921	0,281435	0,319718	0,41504	0,580646	0,581749
0,207254	0,21163		0,257596	0,300726	0,285601	0,290445	0,270246	0,292755	0,2805	0,319625	0,415526	0,578339	0,578808
0,206469	0,212427		0,257247	0,300608	0,285508	0,290649	0,270793	0,291392	0,282001	0,320044	0,41473	0,574451	0,576546
0,206775	0,211348		0,257591	0,30155	0,284999	0,291323	0,27214	0,292524	0,282005	0,318983	0,414084	0,57226	0,573266
0,207256	0,211765		0,256657	0,301249	0,286926	0,29212	0,270843	0,293689	0,281956	0,320503	0,413796	0,572617	0,569884
0,207615	0,212787		0,256656	0,301034	0,286158	0,292047	0,270502	0,293479	0,282608	0,319745	0,412846	0,568795	0,566258
0,207834	0,211872		0,256445	0,301274	0,286194	0,292178	0,270436	0,293697	0,282611	0,319634	0,411365	0,565848	0,562167
0,208382	0,212222		0,257276	0,301455	0,286164	0,291829	0,270695	0,293578	0,282428	0,319027	0,410616	0,562549	0,559515
0,208679	0,212226		0,256571	0,301325	0,285826	0,292458	0,270245	0,293234	0,281962	0,318759	0,409424	0,559031	0,553813
0,208421	0,21276		0,256495	0,301808	0,286344	0,291227	0,270491	0,294055	0,281553	0,318571	0,407816	0,556869	0,55059
0,208061	0,213305		0,256427	0,301578	0,286981	0,291648	0,269435	0,293529	0,282075	0,318378	0,406594	0,555513	0,544922
0,207933	0,213773		0,256628	0,302384	0,286919	0,292083	0,269553	0,294019	0,281884	0,316184	0,403644	0,549096	0,541937
0,209117	0,213464		0,255977	0,301855	0,286277	0,292668	0,26921	0,293308	0,28101	0,316638	0,4031	0,545099	0,535752
0,209149	0,213361		0,255961	0,302185	0,288382	0,292296	0,269418	0,292722	0,280009	0,315724	0,401011	0,542713	0,531209
0,209632	0,213982		0,256084	0,302372	0,286763	0,292606	0,268233	0,292926	0,279564	0,314954	0,398854	0,536562	0,526192
0,209813	0,214464		0,256991	0,301788	0,287798	0,29267	0,267324	0,291423	0,279258	0,313832	0,398038	0,533556	0,520622
0,210517	0,215587		0,256348	0,302521	0,288481	0,293124	0,268056	0,292076	0,279008	0,312804	0,394113	0,529114	0,516263
0,212128	0,216338		0,256992	0,302707	0,287578	0,293972	0,26616	0,291773	0,278309	0,31196	0,391369	0,523177	0,510821
0,210715	0,215773		0,256864	0,303726	0,289225	0,29465	0,266799	0,291122	0,278483	0,310851	0,388396	0,51893	0,50596
0,211458	0,21676		0,258681	0,30297	0,288878	0,293671	0,266267	0,290596	0,278809	0,310071	0,387754	0,513916	0,499564
0,211913	0,217612		0,258456	0,303196	0,289662	0,294411	0,266328	0,290402	0,278118	0,308299	0,385064	0,510311	0,494869
0,214391	0,218697		0,257563	0,304597	0,290192	0,294261	0,265892	0,289898	0,277041	0,307413	0,38341	0,505498	0,488308
0,214338	0,219351		0,258821	0,304868	0,289489	0,29511	0,264078	0,289921	0,276181	0,305858	0,380307	0,499295	0,481804
0,215295	0,219588		0,260109	0,305014	0,291175	0,296494	0,26475	0,288562	0,276505	0,304653	0,37744	0,495236	0,477191
0,216156	0,220385		0,260113	0,305576	0,291373	0,296082	0,264341	0,288177	0,276801	0,303701	0,375375	0,488469	0,47217
0,215206	0,222057		0,260806	0,306365	0,291704	0,295671	0,264878	0,287849	0,275667	0,302691	0,37345	0,482791	0,466178
0,218308	0,222025		0,261301	0,307383	0,291916	0,296939	0,263127	0,288132	0,275193	0,301808	0,369657	0,477436	0,460234
0,218285	0,223622		0,261414	0,307629	0,292698	0,299458	0,263715	0,286758	0,273742	0,299919	0,367715	0,473377	0,454345
0,219193	0,223666		0,260992	0,307362	0,293305	0,297942	0,263109	0,287778	0,274051	0,298631	0,364249	0,467836	0,448778
0,219159	0,225227		0,26276	0,30956	0,294211	0,298	0,262976	0,28714	0,274194	0,29792	0,362581	0,463625	0,443704
0,219767	0,224949		0,262403	0,308124	0,294433	0,298857	0,261806	0,28586	0,273595	0,29631	0,359425	0,458215	0,438155
0,22144	0,225826		0,262965	0,309026	0,295287	0,298255	0,262057	0,285175	0,271705	0,29474	0,357203	0,453784	0,432749
0,22271	0,226702		0,263674	0,309923	0,295069	0,299162	0,262063	0,285534	0,27197	0,294455	0,353557	0,446293	0,427388
0,221837	0,227662		0,263317	0,308705	0,296067	0,300853	0,261488	0,285605	0,272634	0,292416	0,351657	0,44232	0,421933
0,223728	0,228614		0,264299	0,310846	0,295539	0,299799	0,260195	0,285087	0,272121	0,290559	0,349392	0,436675	0,416609
0,223692	0,229118		0,264254	0,311936	0,295228	0,301421	0,261262	0,284971	0,271492	0,29014	0,346537	0,432038	0,410816
0,224471	0,227911		0,263574	0,312183	0,2966	0,301513	0,261464	0,286302	0,270637	0,289195	0,343394	0,427177	0,405826
0,224966	0,230221		0,263715	0,312324	0,296193	0,300728	0,262298	0,284618	0,273214	0,289118	0,3418	0,419487	0,399689
0,2263	0,229267		0,265539	0,310464	0,296348	0,301062	0,262058	0,284983	0,270782	0,288751	0,339575	0,417151	0,39648
0,226805	0,230505		0,263585	0,31195	0,296482	0,299644	0,260586	0,283774	0,2704	0,28676	0,336911	0,411724	0,392208
0,226615	0,231898		0,263175	0,311708	0,297522	0,300108	0,2625	0,283679	0,270353	0,286344	0,334526	0,407732	0,385989
0,227979	0,230784		0,263482	0,311926	0,296002	0,29997	0,260073	0,286946	0,271816	0,287598	0,333303	0,402936	0,382558
0,228271	0,232116		0,265943	0,311018	0,297618	0,300062	0,261857	0,286787	0,270429	0,286874	0,331287	0,397449	0,378948
0,230512	0,23336		0,265015	0,310296	0,297002	0,301549	0,261509	0,287181	0,272816	0,2869	0,328858	0,394911	0,376059
0,228764	0,232771		0,262921	0,310898	0,298097	0,301061	0,263549	0,288032	0,273466	0,288024	0,329093	0,390574	0,371092
0,23073	0,233037		0,265492	0,312233	0,298632	0,302042	0,265664	0,290215	0,274194	0,28896	0,327069	0,388784	0,365408
0,231649	0,235414		0,265461	0,312065	0,298058	0,301547	0,265372	0,289938	0,273797	0,287955	0,326798	0,382875	0,364285
0,230825	0,235416		0,26573	0,311693	0,296354	0,30199	0,267346	0,292873	0,2777	0,288759	0,32591	0,380298	0,359684
0,232084	0,237839		0,263351	0,311619	0,298035	0,302395	0,267006	0,294939	0,279258	0,289654	0,327334	0,375415	0,357377
0,232877	0,237266		0,264548	0,313016	0,298057	0,30335	0,269956	0,297623	0,280307	0,291241	0,326551	0,372956	0,354577
0,233724	0,236683		0,264598	0,31336	0,297032	0,301975	0,271689	0,29708	0,282494	0,293345	0,32662	0,371335	0,351761
0,232479	0,238594		0,263835	0,313212	0,296001	0,303484	0,273204	0,300821	0,284259	0,294522	0,325399	0,368284	0,350298
0,234262	0,238621		0,265478	0,309699	0,296827	0,303303	0,272641	0,303348	0,287114	0,295853	0,325469	0,365323	0,346626
0,233985	0,239415		0,264361	0,311401	0,298281	0,304966	0,276678	0,302173	0,291047	0,296864	0,325904	0,363473	0,343966
0,2343	0,239604		0,265877	0,310837	0,29856	0,3046	0,277545	0,306784	0,2908	0,300037	0,327683	0,360265	0,343709
0,237036	0,240894		0,265632	0,312101	0,297729	0,303792	0,281724	0,3082	0,296071	0,301455	0,32706	0,36054	0,339571
0,237829	0,239885		0,263316	0,313902	0,29652	0,306128	0,281888	0,314157	0,298433	0,304781	0,330686	0,357515	0,33692
0,237484	0,2411		0,263913	0,313349	0,298004	0,30494	0,284749	0,315652	0,30164	0,306348	0,32988	0,357097	0,336333
0,237768	0,243783		0,265688	0,314092	0,298483	0,305419	0,286887	0,318072	0,303335	0,310685	0,33255	0,355582	0,333758
0,238747	0,242695		0,265094	0,312574	0,297511	0,304787	0,290375	0,322942	0,307203	0,312626	0,334761	0,354137	0,333078
0,238239	0,243955		0,265683	0,315873	0,296032	0,304481	0,294063	0,326213	0,31114	0,315567	0,337133	0,352661	0,332926
0,241891	0,245809		0,266622	0,314731	0,297805	0,306724	0,298612	0,32973	0,316077	0,319565	0,337685	0,350491	0,330338
0,241468	0,245614		0,266912	0,314775	0,298252	0,308658	0,300168	0,333775	0,318046	0,321899	0,340292	0,351074	0,328295
0,24255	0,246639		0,267844	0,314203	0,297261	0,310716	0,302224	0,339222	0,323857	0,329194	0,344231	0,351759	0,328452
0,244035	0,248295		0,265906	0,315458	0,298543	0,308959	0,309527	0,342832	0,330584	0,330277	0,347591	0,351255	0,327639


