
615
-0.001154	0.002049	-0.002175	-0.000188	0.007641	0.019638	0.138911	0.419194	0.822233	0.883001	0.893911	0.896997	0.899092

1	0
0.1	0
0.01	0
0.001	0
0.0001	0.007641
0.00001	0.019638
0.000001	0.138911
0.0000001	0.419194
0.00000001	0.822233
0.000000001	0.883001
0.0000000001	0.893911
0.00000000001	0.896997
0.000000000001	0.899092




431
0.39611	0.431159	0.382929	0.397993	0.39907	0.411243	0.369087	0.267614	0.123599	0.095049	0.097012	0.09145	0.088362

1	0.39611
0.1	0.431159
0.01	0.382929
0.001	0.397993
0.0001	0.39907
0.00001	0.411243
0.000001	0.369087
0.0000001	0.267614
0.00000001	0.123599
0.000000001	0.095049
0.0000000001	0.097012
0.00000000001	0.09145
0.000000000001	0.088362




498
0.147361	0.159155	0.136868	0.144389	0.147048	0.151551	0.155729	0.15381	0.155343	0.147001	0.15129	0.146853	0.147608

1	0.147361
0.1	0.159155
0.01	0.136868
0.001	0.144389
0.0001	0.147048
0.00001	0.151551
0.000001	0.155729
0.0000001	0.15381
0.00000001	0.155343
0.000000001	0.147001
0.0000000001	0.15129
0.00000000001	0.146853
0.000000000001	0.147608

