508 nm
478 nm
463 nm
468 nm




508:	
1.947229	1.928818	1.78178	1.223917	0.6309	0.571431	0.558349	0.5737	0.558434	0.56023	0.5687	0.577967	0.558613

1	1.947229
0.1	1.928818
0.01	1.78178
0.001	1.223917
0.0001	0.6309
0.00001	0.571431
0.000001	0.558349
0.0000001	0.5737
0.00000001	0.558434
0.000000001	0.56023
0.0000000001	0.5687
0.00000000001	0.577967
0.000000000001	0.558613
------------------------------------------------------------------
0.00144567591037
-2872.28154994
0.0011285421428
4026.43754508
opt blad:
0.0224722179146
------------------------------------------------------------------
0.00254434402901
-1631.40328441
0.00113146638696
2287.85993768
opt blad:
0.0224821136981
------------------------------------------------------------------
0.00110117566408
-3771.88376492
0.00113164179063
5287.32465971
opt blad:
0.0224661656518
------------------------------------------------------------------
0.00188762345653
-2201.10652325
0.00112914404985
3084.64340242
opt blad:
0.0224710818686




478:
1.384639	1.38746	1.341254	1.184641	1.0107	1.043356	1.033314	1.0591	1.036996	1.043702	1.0508	1.068522	1.022075

1	1.384639
0.1	1.38746
0.01	1.341254
0.001	1.184641
0.0001	1.0107
0.00001	1.043356
0.000001	1.033314
0.0000001	1.0591
0.00000001	1.036996
0.000000001	1.043702
0.0000000001	1.0508
0.00000000001	1.068522
0.000000000001	1.022075
------------------------------------------------------------------
0.000522162032481
-2032.13566197
0.00155264624262
7983.08939611
opt blad:
0.026455819379
------------------------------------------------------------------
0.000762438425934
-1395.84114738
0.00155447474685
5469.61012665
opt blad:
0.0264559384225
------------------------------------------------------------------
0.000490578146099
-2162.64165858
0.00157229733847
8497.99099352
opt blad:
0.0264614100335
------------------------------------------------------------------
0.000510527399961
-2081.77801138
0.00154656210354
8165.74733881
opt blad:
0.026452175881




463:
0.944966	0.95566	0.963112	1.01035	1.0389	1.107577	1.100015	1.1271	1.105213	1.112146	1.1182	1.137702	1.084089

1	0.944966
0.1	0.95566
0.01	0.963112
0.001	1.01035
0.0001	1.0389
0.00001	1.107577
0.000001	1.100015
0.0000001	1.1271
0.00000001	1.105213
0.000000001	1.112146
0.0000000001	1.1182
0.00000000001	1.137702
0.000000000001	1.084089
------------------------------------------------------------------
0.000551772082978
822.970299232
0.00016965918367
5218.08086377
opt blad:
0.0156641352652
------------------------------------------------------------------
0.000674790413017
673.849476655
0.00017127425539
4266.12612837
opt blad:
0.0156664788999
------------------------------------------------------------------
0.00036321126656
1251.79034697
0.000171046289123
7929.02768314
opt blad:
0.0156785069562
------------------------------------------------------------------
0.000358814975107
1262.03034876
0.000168168688072
8027.28394817
opt blad:
0.0156649538065




468:
1.095436	1.104296	1.094247	1.078506	1.0434	1.101472	1.093299	1.1195	1.097225	1.104771	1.1116	1.13044	1.078147

1	1.095436
0.1	1.104296
0.01	1.094247
0.001	1.078506
0.0001	1.0434
0.00001	1.101472
0.000001	1.093299
0.0000001	1.1195
0.00000001	1.097225
0.000000001	1.104771
0.0000000001	1.1116
0.00000000001	1.13044
0.000000000001	1.078147
------------------------------------------------------------------
0.000476314419577
133.692933938
2.82216129887e-06
6832.25983822
opt blad:
0.0257407045672
------------------------------------------------------------------
0.000648584535502
97.9538728751
2.81806730629e-06
5018.48493727
opt blad:
0.0257415674161
------------------------------------------------------------------
0.000233498958559
268.73412492
2.8921891197e-06
13941.658425
opt blad:
0.0257447303932
------------------------------------------------------------------
0.000385754001675
163.321403287
2.51402622403e-06
8437.82080666
opt blad:
0.0257415454572


