
Chce blad rzedu 5% w pKa. To daje przedzial:
0,000112202
0,000263027

N = 3

0.000327040445993
3.70513812518e-05
0.000656115071971
1.4604024579e-06
0.000153281588166
0.00409941484131
0.000151063411293
0.000619138495837
0.000105518609349
0.00734713095277
0.000463835904695
0.0021797346787
0.00291464558871
0.00451470816225
0.000194100281602
7.69128213571e-05
0.00140125716461
5.04798111252e-05
0.000412140849951
0.000168388853296



N = 4

0.000121265294474
0.000130942369704
0.000757841661503
0.000116605006297
0.0199466303363
0.000106525300875
0.000761173622136
0.000623503115086
8.30196425371e-05
8.29438526192e-05
9.10893238867e-05
0.00048383363062
0.00237468620596
0.000736900039957
0.000189355664826
3.69324685074e-05
0.000105401596259
5.33375428318e-05
8.98875958684e-05
6.91715494701e-05

N = 5

0.000452182111774
0.000131645017278
4.7587770158e-05
0.00325328143656
0.0108611641581
0.000229106032278
0.00014775905245
0.000108773112449
0.000563176308372
0.000759814935843
0.000167503975435
0.000158775826425
7.99177658446e-06
0.00011462997212
0.000143926334394
0.000480490633555
0.00012647374121
0.000719480225387
0.000727302344297
9.99533796799e-05



N = 6

0.00125104465874
0.000124728387219
0.00455191448861
9.5624240189e-05
0.000105754937366
0.00725183601401
0.00132665381709
9.09174704203e-05
0.000114832637003
0.00068165809627
0.000991939863502
0.000160440909251
0.0156846706812
7.87097787123e-05
0.000520049619291
7.98245133388e-05
0.000105736335496
0.000127358415703
0.00775872338601
0.000551931587049



N = 7

0.00796092580449
0.000104955923296
0.000109896024209
0.000595705958615
0.000679821283605
0.000576259348511
0.000577549107862
0.000122114274793
0.000693173390201
0.000518260499446
0.000110721738548
0.000159673131009
0.0135974052241
0.000165019522539
0.000124244922811
0.000164889007753
0.000135365483966
0.00063276701807
0.000101668505594
0.000116056021613



N = 8

0.000141368669189
0.000139168935538
0.00121477491797
0.00121828723797
0.000129773638309
4.48783157142e-06
0.00016242311784
0.000556636354191
0.000126976190076
0.000107094015601
9.82856858422e-05
0.000115198558373
0.000128235267741
0.000989647729748
0.00012956456068
0.000112476033732
0.000654059070306
0.000137874513196
0.000961784643422
0.000133610427538



N = 9

0.000679866968559
0.000569119626266
0.000112373375038
0.000147602722101
0.000126405071758
0.000127181566115
0.000135156711369
0.000120951868088
0.000123322516082
0.000126512955061
0.000113092262533
0.0746653004883
0.000604010175691
0.000619046135217
0.00014592523267
0.000131548088459
0.000167890275196
0.000540309648792
0.000514835857391
0.000126383095447

N = 10

0.000123575321205
0.000187145659729
0.000171330028635
0.000152395894001
0.000160941036303
0.000129455360335
0.000117868125427
0.000202941490452
0.000115980402348
0.000177374942134
0.000119182773266
0.000221375109484
0.000171987220632
0.000827139845402
0.000548578126132
0.000124188762279
0.000155001742395
9.95985289169e-05
0.000134962533423
0.000160386960361

N = 11

0.000170922796772
0.00019164901899
0.000159890305971
0.000194665500701
0.000163796316845
0.000134788813788
0.000134401663179
0.000594656069432
0.000163763408665
0.000542706889426
0.000592337827474
0.000149218357018
0.000114366166973
0.000601686351761
0.000155180973829
0.000134584560881
0.000164036373374
0.000129073532855
0.000593766222785
0.000125515756407

N = 12

0.000159941577814
0.000165046142646
0.0065950852974
0.000189660151918
0.000135050942092
0.00014353322686
0.000143026724832
0.000555247084557
0.000189188996395
0.000134872247282
0.000158821532238
0.000134816887546
0.000154345413752
0.000169499720992
0.000120508710249
0.000165503706889
3.49670204823e-05
0.000120624454574
0.000120636642926
0.000157817185084


N = 13

0.000164665160215
0.000164537363629
0.000164393587069
0.000164464575201
0.00016434588802
0.000164959929083
0.000164376612413
0.000164634768614
0.000165021378278
0.000164733966771
0.000164707649633
0.000164652506885
0.000164795811951
0.000164383968486
0.00016487737888
0.000164555689653
0.000164442502944
0.000164448541151
0.00790607433811
0.00016414281252




































N = 3

0.00488755668636   1e-05   0.001   1e-08
0.00448237224077   0.001   1e-06   1e-05
0.000103067802708   1e-11   1e-12   1.0
5.18394305032e-05   1e-10   0.0001   1e-07
5.21626867408e-05   0.001   1e-07   1e-05
4.37894498598e-08   0.01   1e-11   1e-08
3.83251530527e-06   1e-11   1e-06   0.1
0.00196442177404   0.001   1e-12   1e-10
7.73928786751e-05   1e-07   1e-05   1e-06
4.55651975074e-05   1e-12   0.001   1e-09
0.000478377657597   0.1   0.01   1e-11
7.62005549024e-07   1e-09   1e-10   1e-08
0.00876269741832   1e-08   1.0   1e-07
0.000913363654362   1e-08   0.001   1e-11
0.00179004434641   0.01   1e-12   1e-10
0.00116377651134   1.0   1e-10   1e-07
0.000227038335232   1e-09   1e-11   1e-05
0.00011399159537   0.1   1e-09   0.0001
4.74240778795e-05   1e-07   1e-10   1e-05
0.000545975711231   1e-09   0.001   0.1



N = 5

0.000979769031803   1e-11   1e-12   1e-08   1e-05   1e-09
0.000664719852996   1e-12   1e-05   0.001   0.01   0.1
8.90858343526e-05   1e-07   0.01   1e-11   0.0001   1e-09
0.0163086792509   1e-11   1e-08   1e-05   1e-12   1e-09
2.76462062997e-06   1e-07   1e-11   1e-12   1e-10   1e-09
0.00123733983382   1e-12   1.0   1e-09   0.01   1e-11
0.000595142044934   1e-12   0.001   1e-07   0.01   1e-06
0.000258576819032   1e-09   1e-07   1e-11   0.01   1e-08
0.00147262931477   1e-07   1e-11   1e-08   0.01   1e-12
5.05754251715e-05   1e-05   1e-07   0.0001   0.001   1e-09
0.000438290541994   0.001   1e-08   1.0   1e-12   0.0001
0.000108253710094   1e-07   1.0   0.0001   1e-09   1e-11
0.00720794692492   1e-09   1e-07   1e-05   1.0   0.1
3.61063091324e-05   1e-07   1e-10   1e-09   1e-06   1e-11
0.000136475644469   0.0001   0.001   1e-09   1e-06   0.1
0.000118394673765   1e-10   1e-05   1e-08   0.1   1e-11
0.000655696843425   0.001   1e-10   1e-09   1.0   1e-06
5.46475213666e-05   0.001   0.0001   1e-07   1e-05   1e-08
0.000115346543376   0.1   1e-11   1e-09   0.0001   1e-12
0.000121638579603   1e-07   1e-11   0.0001   1e-12   1.0




N = 7

0.000238028774187   0.0001   1e-05   0.001   1e-12   1e-09   1e-08   1.0
0.000503965270127   1e-05   1e-06   1e-07   0.001   1e-09   1e-11   0.1
8.98944472008e-05   0.01   1e-05   1.0   1e-07   1e-09   1e-11   0.1
0.000532690354504   1e-06   1e-05   1e-09   0.001   1e-08   1e-11   0.1
0.000122943304408   1e-08   0.1   1e-05   0.0001   1e-09   1e-06   1e-10
0.0245848821799   1e-08   0.1   1e-06   1e-10   0.0001   1e-05   0.01
0.000191839446645   0.001   1e-07   1.0   0.01   1e-12   1e-08   0.0001
0.000602053427548   1.0   1e-11   1e-10   0.1   1e-12   1e-08   0.001
0.000114784909866   0.001   1e-12   0.0001   1e-11   0.1   1e-07   1e-06
0.000214264498039   1e-11   1e-12   1e-06   1.0   1e-07   1e-05   1e-10
0.00017332934458   1.0   0.01   0.001   1e-10   0.0001   1e-08   1e-06
0.00065010271231   1e-05   1.0   1e-08   1e-10   1e-06   0.01   0.001
0.000144441278616   1e-12   1e-05   0.0001   0.1   1.0   1e-08   1e-10
0.00263780333964   0.1   1e-07   1e-11   1e-09   1e-12   1e-10   1e-08
0.000595653462093   1e-12   1e-07   0.1   1e-11   1.0   1e-06   0.001
0.000109441693859   0.0001   1.0   0.01   1e-05   0.001   1e-11   1e-10
0.000534012254825   1e-10   1e-07   1e-08   0.1   1e-12   1e-11   0.001
0.000108247242014   1e-11   1e-05   1e-06   0.01   0.0001   1e-07   1e-12
4.10648808041e-05   1e-09   0.001   1e-08   1e-06   1e-10   0.0001   1e-07
0.00159308603348   0.01   1e-07   1e-11   1e-09   1e-05   1e-10   1e-08



N = 9

0.0001206801923   0.01   0.0001   1e-10   1e-07   1e-12   1e-08   1e-05   0.1   1e-09
0.000125494344183   1e-10   0.0001   0.1   1.0   1e-06   0.01   1e-12   1e-08   1e-07
0.000108096422949   1e-11   0.01   1e-10   1e-09   0.1   0.0001   1e-05   1e-12   1e-07
0.000145952774069   0.001   0.0001   1e-06   1e-12   1e-08   1e-05   0.1   1e-09   1e-07
0.000133037294124   1e-12   0.01   0.0001   1e-10   1e-05   1e-11   0.001   0.1   1e-09
0.000170310988009   0.0001   1e-06   0.01   1e-08   1e-09   1.0   1e-11   0.001   1e-12
0.000864532962712   1e-09   1e-10   1e-11   1e-12   1e-05   0.1   1.0   0.01   1e-07
0.00015469672526   0.1   1e-07   0.0001   1e-12   1.0   1e-08   1e-11   0.001   1e-10
0.000123840439656   1.0   1e-10   0.0001   0.001   1e-09   0.1   1e-11   1e-07   1e-05
0.000190705140432   1e-08   1e-05   0.001   0.01   1e-09   0.1   1e-12   1e-06   0.0001
0.000139488709636   0.1   1e-10   0.001   1e-11   1e-12   0.0001   0.01   1e-08   1e-06
0.000140094683994   1e-05   1e-09   1e-10   0.1   1.0   1e-07   0.0001   0.001   0.01
0.0421776888696   1e-10   1e-09   0.0001   1.0   1e-12   1e-07   0.1   1e-08   0.001
0.000173892043057   1e-08   0.0001   1e-11   1e-09   1e-12   1e-06   1e-05   0.001   1.0
0.000619297813031   0.001   1.0   1e-10   1e-05   1e-09   1e-07   0.1   1e-06   1e-12
0.00063819595162   1e-09   1e-11   1e-06   0.001   1e-12   1.0   1e-10   1e-08   0.01
0.000101440968473   0.1   1e-07   1e-09   1e-11   0.0001   0.01   1e-06   1e-08   1e-10
0.00013427672022   1e-11   1e-09   0.0001   0.001   1e-05   1.0   0.1   1e-08   1e-07
0.0001096680216   1e-11   1e-05   1e-08   1.0   1e-10   1e-07   1e-06   0.01   0.0001
0.000140109517131   1e-06   0.001   1e-10   0.01   1e-08   0.0001   1e-05   1e-11   1.0




N = 11

0.000118408194475   1e-06   1e-08   1e-09   1e-05   0.001   1e-07   0.0001   0.1   0.01   1e-10   1e-11
0.000154169819726   1e-07   1e-10   1e-11   1e-12   1e-08   1e-05   1e-06   1.0   0.001   0.01   0.0001
0.000144041818234   0.01   1e-06   1e-10   1e-12   1e-08   0.001   1e-09   1e-05   1e-11   0.0001   0.1
0.000564013625179   1e-07   1e-10   0.01   1e-06   1e-09   0.1   1e-08   1e-11   0.001   1.0   1e-05
0.000120182616913   1e-10   1e-08   1e-11   0.01   0.1   1e-07   1e-06   1e-05   0.0001   1e-12   1.0
0.000129934455022   1e-09   1e-12   1e-05   0.1   1e-11   1e-08   1e-07   1e-10   0.01   0.001   0.0001
0.000171390284635   0.001   0.1   1e-08   0.01   1e-12   1e-07   1.0   1e-05   0.0001   1e-11   1e-06
0.000165497317696   1e-05   0.001   1e-06   1e-08   0.1   0.0001   1e-07   1e-11   1e-12   1.0   1e-10
0.000118637509717   1e-07   1e-08   1e-06   1e-05   1e-11   0.001   0.0001   0.1   1e-10   0.01   1e-09
0.000620236476854   1.0   0.01   0.001   1e-07   1e-06   0.1   1e-08   1e-10   1e-12   1e-05   1e-09
0.000164145168402   1e-06   1.0   0.1   1e-05   1e-11   0.001   1e-12   0.01   1e-09   0.0001   1e-07
0.00512600331683   1e-11   0.1   1e-06   0.0001   1e-12   1e-09   1e-07   1e-10   0.01   1e-08   1.0
0.00014413044295   1e-11   1e-06   1e-07   1e-09   0.0001   1.0   1e-05   1e-10   0.1   0.001   1e-08
0.000117943903735   1e-09   0.1   1e-10   1e-12   0.01   1e-06   0.0001   1e-11   1e-05   1e-07   1.0
0.000593260304741   0.01   0.001   0.1   1e-10   1e-11   1e-06   1e-12   1e-07   1e-08   1e-05   1.0
0.000182248756239   1e-09   1e-05   1e-12   0.0001   0.01   1e-10   1e-08   0.001   1.0   0.1   1e-07
0.000195274727918   1e-08   0.01   1e-12   0.0001   1.0   1e-06   0.001   1e-05   0.1   1e-10   1e-07
0.000161477591135   0.1   1e-09   0.0001   1e-07   0.001   1e-06   1e-05   1.0   0.01   1e-10   1e-08
0.000159429234765   0.001   1e-11   0.0001   1e-12   1e-07   0.1   1e-10   1.0   1e-09   1e-06   1e-05
0.0027411449102   1e-10   1e-06   0.0001   1e-09   1e-07   0.001   1e-11   0.1   1.0   1e-08   1e-12


N = 13

0.000164345009577   1.0   0.001   0.01   1e-09   1e-11   0.0001   1e-08   1e-12   0.1   1e-05   1e-06   1e-10   1e-07
0.000164454844949   1e-05   1e-06   0.01   1e-07   1.0   0.1   0.001   1e-09   1e-10   1e-08   0.0001   1e-12   1e-11
0.000164168027087   1e-08   1e-06   0.01   1.0   0.1   1e-10   1e-09   0.0001   1e-05   0.001   1e-12   1e-11   1e-07
0.000164483859806   0.001   1e-08   1e-06   0.01   1e-10   1.0   1e-11   1e-09   0.0001   0.1   1e-12   1e-07   1e-05
0.000164404943082   1e-07   1e-09   1e-05   1e-06   1e-08   1e-10   0.001   1.0   1e-12   0.01   1e-11   0.1   0.0001
0.000164451479542   1.0   1e-12   1e-05   0.001   1e-10   0.01   0.0001   1e-11   1e-06   0.1   1e-08   1e-09   1e-07
0.00016417188961   1e-05   1e-10   1e-07   1e-06   1.0   0.001   1e-09   0.1   0.0001   1e-08   0.01   1e-12   1e-11
0.000164519771057   1.0   1e-11   1e-07   1e-05   0.0001   0.001   1e-08   0.1   1e-10   0.01   1e-12   1e-06   1e-09
0.000164165880894   0.001   1e-09   1e-11   1e-06   1e-10   1.0   0.0001   1e-07   0.01   1e-12   0.1   1e-05   1e-08
0.000164426700945   0.001   1e-09   1.0   1e-07   0.01   1e-11   1e-12   0.0001   1e-06   1e-08   1e-10   0.1   1e-05
0.000164683172609   0.001   1e-09   1e-08   1e-11   1e-10   0.0001   1e-07   1e-06   1.0   0.01   1e-05   0.1   1e-12
0.000164896872098   0.01   1e-06   0.001   1e-10   1e-05   1e-11   1e-07   1e-12   1.0   1e-09   0.1   1e-08   0.0001
0.0001643295326   1e-05   0.01   1e-12   1e-09   0.0001   1e-06   1e-10   1e-07   0.1   1.0   1e-08   1e-11   0.001
0.000164924173895   1e-07   1e-12   1e-05   0.01   0.1   1e-06   1e-10   1e-08   1.0   1e-11   0.0001   1e-09   0.001
0.000164491904676   0.001   1e-07   1e-12   1.0   1e-06   1e-11   0.1   1e-08   0.01   1e-09   1e-05   0.0001   1e-10
0.000164521180034   1e-11   0.001   1e-05   1e-06   1e-12   1e-10   1e-07   1.0   0.0001   0.01   0.1   1e-08   1e-09
0.000163891600827   1e-12   1e-07   0.001   0.0001   1.0   1e-11   0.01   0.1   1e-05   1e-09   1e-06   1e-08   1e-10
0.00774927167567   1e-09   1e-07   1e-05   0.0001   1e-06   1e-11   0.01   1.0   1e-12   1e-08   0.1   0.001   1e-10
0.000164714000366   0.001   1e-11   0.1   1e-06   1e-08   1e-05   1e-10   1e-12   0.01   1e-07   0.0001   1e-09   1.0
0.00016449989173   1e-09   1e-07   1e-06   0.0001   0.001   1.0   1e-12   1e-08   1e-10   0.1   0.01   1e-11   1e-05



































N = 3

1.53   12.0   5.0   7.0
4.3   1.0   5.0   11.0
3.3   1.0   2.0   7.0
4.12   10.0   11.0   -0.0
2.6   3.0   11.0   9.0
1.96   5.0   12.0   10.0
3.04   3.0   7.0   8.0
1.93   5.0   -0.0   12.0
4.12   4.0   12.0   3.0
3.3   9.0   3.0   11.0
4.46   7.0   8.0   10.0
3.29   -0.0   3.0   11.0
2.14   9.0   5.0   6.0
4.48   3.0   11.0   4.0
3.58   10.0   9.0   4.0
4.48   11.0   7.0   5.0
2.13   -0.0   7.0   12.0
5.79   11.0   10.0   9.0
3.47   -0.0   2.0   1.0
3.14   5.0   8.0   7.0




N = 5

4.4   4.0   3.0   9.0   6.0   7.0
4.31   3.0   9.0   7.0   4.0   12.0
3.49   3.0   10.0   1.0   4.0   2.0
2.75   5.0   6.0   11.0   12.0   1.0
3.05   6.0   8.0   9.0   12.0   5.0
3.91   6.0   1.0   5.0   4.0   2.0
3.94   11.0   6.0   10.0   -0.0   4.0
3.18   8.0   12.0   -0.0   3.0   11.0
3.42   10.0   5.0   8.0   7.0   4.0
3.18   -0.0   1.0   7.0   6.0   12.0
3.94   -0.0   4.0   9.0   2.0   10.0
5.2   3.0   6.0   12.0   7.0   11.0
3.1   11.0   10.0   3.0   9.0   8.0
5.01   6.0   9.0   -0.0   10.0   1.0
4.8   11.0   1.0   8.0   12.0   6.0
3.37   6.0   10.0   9.0   11.0   4.0
2.79   4.0   9.0   3.0   7.0   5.0
3.77   4.0   12.0   5.0   1.0   -0.0
3.09   7.0   -0.0   5.0   12.0   10.0
3.88   4.0   10.0   5.0   8.0   -0.0



N = 7

2.93   6.0   7.0   2.0   -0.0   8.0   11.0   9.0
3.22   2.0   8.0   10.0   6.0   11.0   -0.0   3.0
3.23   -0.0   10.0   1.0   3.0   12.0   9.0   11.0
3.19   8.0   12.0   11.0   9.0   -0.0   3.0   2.0
3.96   1.0   10.0   7.0   11.0   5.0   4.0   12.0
3.82   4.0   5.0   10.0   3.0   1.0   -0.0   2.0
3.89   5.0   1.0   7.0   4.0   12.0   9.0   8.0
3.24   -0.0   8.0   7.0   1.0   2.0   5.0   3.0
3.82   6.0   7.0   3.0   5.0   12.0   1.0   4.0
3.2   5.0   12.0   7.0   3.0   -0.0   8.0   11.0
4.22   4.0   12.0   5.0   10.0   11.0   3.0   9.0
1.28   8.0   1.0   11.0   2.0   3.0   -0.0   12.0
3.88   10.0   12.0   1.0   5.0   7.0   4.0   3.0
3.96   8.0   4.0   9.0   5.0   -0.0   11.0   2.0
4.0   4.0   5.0   11.0   1.0   8.0   10.0   2.0
3.23   1.0   9.0   12.0   7.0   6.0   8.0   3.0
3.62   8.0   12.0   10.0   3.0   1.0   4.0   -0.0
3.91   5.0   7.0   2.0   9.0   12.0   4.0   1.0
3.92   2.0   10.0   9.0   4.0   11.0   3.0   -0.0
3.16   6.0   5.0   7.0   12.0   8.0   -0.0   3.0



N = 9

4.89   10.0   2.0   9.0   6.0   -0.0   1.0   12.0   11.0   8.0
3.77   4.0   -0.0   9.0   6.0   8.0   3.0   2.0   10.0   5.0
3.89   12.0   1.0   3.0   7.0   8.0   4.0   2.0   11.0   9.0
3.9   4.0   5.0   11.0   12.0   6.0   -0.0   10.0   9.0   1.0
3.87   2.0   11.0   9.0   1.0   10.0   3.0   12.0   4.0   6.0
3.75   1.0   6.0   10.0   8.0   9.0   2.0   3.0   4.0   -0.0
3.82   2.0   4.0   7.0   5.0   -0.0   8.0   12.0   11.0   3.0
3.0   5.0   2.0   11.0   9.0   8.0   -0.0   1.0   6.0   12.0
3.76   10.0   1.0   4.0   2.0   12.0   11.0   6.0   -0.0   3.0
3.87   9.0   1.0   3.0   -0.0   4.0   7.0   11.0   2.0   6.0
3.87   12.0   5.0   4.0   6.0   7.0   9.0   3.0   1.0   10.0
3.2   12.0   5.0   2.0   -0.0   8.0   7.0   3.0   1.0   9.0
3.72   -0.0   7.0   5.0   3.0   4.0   9.0   2.0   12.0   1.0
3.25   3.0   12.0   11.0   5.0   10.0   2.0   9.0   8.0   6.0
3.74   6.0   8.0   -0.0   7.0   2.0   9.0   3.0   4.0   12.0
3.96   5.0   12.0   6.0   10.0   2.0   4.0   1.0   7.0   11.0
3.73   3.0   1.0   -0.0   12.0   6.0   10.0   2.0   7.0   4.0
3.86   9.0   5.0   10.0   8.0   1.0   11.0   7.0   -0.0   6.0
3.92   12.0   -0.0   8.0   10.0   1.0   4.0   11.0   6.0   2.0
3.89   -0.0   10.0   6.0   1.0   9.0   8.0   12.0   7.0   4.0



N = 11

3.23   10.0   11.0   1.0   12.0   7.0   2.0   8.0   3.0   9.0   -0.0   5.0
3.81   12.0   8.0   7.0   3.0   4.0   10.0   11.0   5.0   2.0   6.0   -0.0
3.94   7.0   10.0   12.0   5.0   9.0   6.0   1.0   2.0   4.0   8.0   11.0
3.75   -0.0   6.0   2.0   3.0   10.0   12.0   4.0   8.0   5.0   7.0   9.0
3.23   11.0   3.0   2.0   7.0   6.0   -0.0   1.0   10.0   12.0   5.0   9.0
3.69   9.0   1.0   8.0   2.0   3.0   5.0   6.0   12.0   -0.0   4.0   7.0
3.77   3.0   5.0   6.0   8.0   7.0   12.0   1.0   -0.0   9.0   11.0   4.0
3.83   5.0   -0.0   6.0   9.0   3.0   12.0   10.0   2.0   7.0   4.0   11.0
3.91   4.0   11.0   8.0   5.0   9.0   -0.0   12.0   6.0   7.0   1.0   2.0
3.82   1.0   4.0   6.0   2.0   5.0   8.0   10.0   9.0   11.0   -0.0   3.0
3.77   6.0   9.0   11.0   5.0   -0.0   7.0   12.0   8.0   4.0   1.0   3.0
3.81   5.0   3.0   11.0   1.0   2.0   10.0   12.0   4.0   8.0   7.0   -0.0
3.77   -0.0   11.0   5.0   8.0   12.0   6.0   1.0   7.0   3.0   2.0   4.0
3.77   9.0   3.0   12.0   -0.0   10.0   11.0   1.0   2.0   4.0   8.0   5.0
3.81   6.0   9.0   -0.0   2.0   3.0   1.0   11.0   7.0   4.0   12.0   10.0
3.82   2.0   7.0   5.0   12.0   10.0   8.0   3.0   1.0   6.0   4.0   9.0
3.77   10.0   1.0   11.0   -0.0   2.0   3.0   12.0   8.0   9.0   4.0   5.0
3.87   6.0   8.0   4.0   5.0   12.0   7.0   2.0   3.0   1.0   10.0   11.0
3.89   5.0   12.0   3.0   10.0   2.0   8.0   1.0   7.0   4.0   9.0   11.0
3.93   6.0   2.0   3.0   5.0   10.0   8.0   7.0   4.0   11.0   1.0   9.0




N = 13

3.78   7.0   -0.0   12.0   3.0   4.0   5.0   9.0   2.0   6.0   1.0   11.0   8.0   10.0
3.85   8.0   -0.0   3.0   6.0   12.0   9.0   7.0   4.0   2.0   1.0   5.0   11.0   10.0
3.78   4.0   10.0   -0.0   7.0   5.0   8.0   2.0   11.0   3.0   6.0   1.0   12.0   9.0
3.78   7.0   2.0   11.0   1.0   5.0   9.0   12.0   8.0   6.0   10.0   3.0   4.0   -0.0
3.78   4.0   2.0   -0.0   3.0   5.0   7.0   1.0   11.0   12.0   6.0   10.0   8.0   9.0
3.78   6.0   3.0   4.0   10.0   2.0   12.0   1.0   -0.0   9.0   11.0   8.0   5.0   7.0
2.31   7.0   9.0   11.0   10.0   12.0   8.0   4.0   3.0   2.0   1.0   6.0   5.0   -0.0
3.78   -0.0   6.0   7.0   5.0   10.0   1.0   9.0   3.0   2.0   4.0   12.0   11.0   8.0
3.78   7.0   8.0   -0.0   4.0   6.0   9.0   12.0   5.0   3.0   2.0   11.0   10.0   1.0
3.78   11.0   -0.0   1.0   10.0   12.0   2.0   7.0   4.0   5.0   6.0   8.0   3.0   9.0
2.11   8.0   10.0   1.0   9.0   3.0   4.0   6.0   5.0   -0.0   7.0   2.0   12.0   11.0
3.78   10.0   3.0   4.0   2.0   6.0   12.0   8.0   11.0   5.0   -0.0   9.0   7.0   1.0
3.78   6.0   1.0   11.0   12.0   5.0   3.0   2.0   4.0   8.0   7.0   9.0   10.0   -0.0
3.78   2.0   3.0   9.0   5.0   10.0   11.0   6.0   7.0   -0.0   8.0   4.0   1.0   12.0
3.78   12.0   -0.0   6.0   9.0   7.0   3.0   8.0   5.0   4.0   1.0   2.0   11.0   10.0
3.78   -0.0   11.0   12.0   9.0   1.0   5.0   2.0   10.0   8.0   7.0   6.0   4.0   3.0
3.78   4.0   -0.0   8.0   6.0   12.0   3.0   11.0   9.0   2.0   7.0   10.0   5.0   1.0
3.48   7.0   1.0   6.0   10.0   8.0   -0.0   5.0   3.0   4.0   2.0   9.0   12.0   11.0
3.78   6.0   2.0   12.0   4.0   -0.0   10.0   1.0   11.0   5.0   8.0   3.0   9.0   7.0
3.78   -0.0   11.0   4.0   7.0   9.0   1.0   12.0   2.0   5.0   10.0   3.0   6.0   8.0


