N = 13
0.00161511581446
0.00161355502042
0.00161067280984
0.0016172817028
0.163784205199
0.00161571897311
0.0016156221741
0.00161615653873
0.00161484195103
0.00161706859249
0.0016142604001
0.00161462329978
0.00161612856401
0.00161383147501
0.001616144664
0.00161477645228
0.00161373336348
0.00161453488212
0.00161930873406
0.00161377635464
0.00161205150211
0.00161564542676
0.00161157813843
0.00161315289829
0.00161717744841
0.00161530562849
0.00161511565549
0.00161364507772
4.38980200629e-06
0.00161378173443
0.00161136455952
0.00161772540587
0.00161615442382
0.00161416480452
0.00262848843887
0.0114879949663
0.00161252763777
0.00161432952036
0.0016119638529
0.00161671696941
0.00161684083904
0.00161326154223
0.00161423446119
0.00161660430684
0.00161716992135
0.00161697455158
0.0016153403641
0.00161281030649
0.0016122063993
0.00161213007473
0.00161563478506
0.00161411997226
0.00161307048846
0.00161700636147
0.00161291317854
0.00161421872391
0.00161397914589
0.00161437050883
0.00161660817776
0.00161543983664
0.00161638561455
0.00161463496111
0.00161241081055
0.00750862860079
0.00161645001548
0.00161763945267
0.00161696649362
0.00161633188616
0.00161497250732
4.40635501372e-06
0.00161424139884
0.00161870732328
0.0016126771485
0.00161547904517
0.00161422809304
0.00161489833416
0.0016119125311
0.00161760897962
0.0016185069085
0.00161470359295
0.00161498415048
0.00161719960711
9.87826732448e-06
0.00161382639925
0.00161508415251
0.00161432346591
0.0016152617013
0.0016132151687
0.00161513377609
0.00161619674173
0.0016144599636
0.00161316791737
0.00161564930546
0.00161776299578
0.00161763550275
0.00161584263895
0.00161328500376
0.00161467838449
0.00161515155893
0.00161338226425


N = 5

