=====================================  N = 10   M = 100   err2 = 1.0  =====================================

[0.0, 0.23300228841717874, 0.23563230159661266, 0.2382964234110879, 0.24099962188931, 0.24372825846459997, 0.24646769270908528, 0.24920846483326503, 0.25194833016566653, 0.25469424556787423, 0.2747332088584164]

=====================================  N = 10   M = 200   err2 = 1.0  =====================================

[0.0, 0.18050093058783462, 0.1815892029875444, 0.18271671134248949, 0.1838948286188429, 0.1851249200956984, 0.18640529921611987, 0.18773424051564783, 0.18911107186630488, 0.1905370478927369, 0.20419996221032927]

=====================================  N = 20   M = 200   err2 = 1.0  =====================================

1.7657700402610983	
[0.0, 0.17742695743441206, 0.17816649070183557, 0.17894460815887636, 0.17976860280045528, 0.18063591273762716, 0.18154033711235906, 0.18247503825357636, 0.1834331609934006, 0.1844089829565859, 0.18539740484835138, 0.18639451367924612, 0.18739749838756953, 0.18840461656615567, 0.18941509340018228, 0.1904294061033394, 0.1914489905026097, 0.19247644740894673, 0.19351559405301264, 0.19457201690425235, 0.20590415691088873]


=====================================  N = 50   M = 10   err2 = 1.0  =====================================

1.1559346499777228
[0.0, 0.5288342311494296, 0.5752725128184144, 0.6139895682501834, 0.6453683855592327, 0.670580165208864, 0.6908890720194294, 0.7075276694650686, 0.722342173562653, 0.7411097809268014, 0.7027254797936, 0.7066179859808149, 0.7090135740072805, 0.7104289483129296, 0.7111802609815268, 0.7114659096034924, 0.7114256309457136, 0.7111754273460538, 0.7108599573275655, 0.7108728002925679, 0.710971670248305, 0.7110116883405131, 0.7110210245082639, 0.711016357836036, 0.7110076912004814, 0.7110010130209209, 0.7109988539368165, 0.7110006955083679, 0.7110028232404764, 0.7110034845168645, 0.7110032828504527, 0.7110029131129499, 0.7110027133744776, 0.7110026390511924, 0.7110026516171549, 0.7110027418778847, 0.7110027502948509, 0.7110027546354577, 0.7110027405777034, 0.7110027046669456, 0.7110026884398976, 0.7110026931456167, 0.7110026712635457, 0.7110026620693263, 0.7110026673844388, 0.7110026790771773, 0.7110026807756077, 0.7110026918523048, 0.7110027035443239, 0.7110027146286723, 0.7110026854526255]





ALTERNATIVE:

=====================================  N = 20   M = 200   err2 = 1.0  =====================================

1.7853394943346417
[0.0, 0.18687467386503206, 0.18765184710700153, 0.1885431350999313, 0.18951559058692458, 0.19054323324570027, 0.19160555681627264, 0.19268727221783255, 0.19377649960566223, 0.19486453795250583, 0.1959450448357043, 0.19701369453787865, 0.1980679060616212, 0.19910638182850782, 0.20012932722771928, 0.20113817745486406, 0.20213551891070752, 0.2031251731697674, 0.2041121857743966, 0.20510306472439216, 0.21560086021172217]



TRUE:

=====================================  N = 20   M = 1024   err2 = 0.0   x[N] = 0.1  =====================================

1.9942899314423583
[0.0, 0.01092808183848623, 0.02439391204334506, 0.03754599855582452, 0.049188393904712635, 0.059010671414665046, 0.06708571461631907, 0.07363027117865559, 0.07889504439921344, 0.08311839357518186, 0.08650731821138004, 0.08923437644196229, 0.09144186572749148, 0.0932446137331847, 0.09473538706425617, 0.09598835568324533, 0.0970617134947042, 0.0979972673547072, 0.09881702460532439, 0.09950857863261238, 0.1]


=====================================  N = 20   M = 1024   err2 = 1.0   x[N] = 1.0  =====================================

1.2045646684184939
[0.0, 0.5185825922650313, 0.5594297328770846, 0.595128210813406, 0.6256125605791161, 0.6519214347970026, 0.67531453446969, 0.6968516250230272, 0.7172847372015166, 0.7370945825178677, 0.7565654374161762, 0.7758529208151606, 0.7950327842832139, 0.8141322822300465, 0.8331495596181698, 0.8520623908635516, 0.8708236367317198, 0.8893325795453425, 0.9073694737013851, 0.9244944016034511, 1.0]


=====================================  N = 20   M = 1024   err2 = 1.0   x[N] = 0.1  =====================================

1.8980029820306121
[0.0, 0.09305197778262983, 0.0930869364539248, 0.09313479537674264, 0.09319523885192346, 0.09326772191515596, 0.09335214715415531, 0.09344812273575151, 0.09355568414298815, 0.09367417412074151, 0.09380369472193398, 0.09394385987975538, 0.09409479474991062, 0.09425619410154368, 0.09442808706375201, 0.09461027160466885, 0.09480285688103612, 0.09500576489382105, 0.0952191427888747, 0.09544295246247769, 0.1]


=====================================  N = 20   M = 1024   err2 = 1.0   x[N] = 0.05  =====================================

1.9496194936882032
[0.0, 0.05832011321467998, 0.05846220886484581, 0.05858530427981319, 0.058689874512032295, 0.05877582923427791, 0.058843333367544326, 0.05889248227501471, 0.05892334744395118, 0.05893633807663087, 0.058931284998961844, 0.05890845218009359, 0.05886795180286056, 0.058810101071405364, 0.05873473991664354, 0.058642185122897386, 0.05853245194045548, 0.058405985875476525, 0.05826282841114091, 0.05810293825763078, 0.05]


=====================================  N = 20   M = 32768   err2 = 1.0   x[N] = 0.1  =====================================

1.898060305124872
[0.0, 0.0928418009922626, 0.09287016788851817, 0.09291234316415664, 0.09296778375358243, 0.09303638694187728, 0.09311760790235578, 0.09321106004655773, 0.09331699809668287, 0.09343467765582379, 0.09356393469823304, 0.09370473958785497, 0.09385713678841656, 0.09402071454507159, 0.09419524968383225, 0.09438101428780168, 0.09457780131937188, 0.0947855703012493, 0.09500468685257508, 0.09523475297208865, 0.1]


=====================================  N = 30   M = 32768   err2 = 1.0   x[N] = 0.1  =====================================

1.898298154039743
[0.0, 0.09198799637094997, 0.09196088142582237, 0.09194711072181128, 0.09194589567537081, 0.09195697071760006, 0.09197998785611543, 0.09201461653501541, 0.09206036499780937, 0.09211694222778381, 0.09218392012630346, 0.09226124501380309, 0.09234837876225972, 0.09244520472032773, 0.09255141860260506, 0.09266684349296977, 0.09279112396763763, 0.09292441775569488, 0.09306609857887994, 0.09321643383486648, 0.09337539636153756, 0.09354278514842403, 0.09371843629438195, 0.0939024137745427, 0.09409503266142134, 0.09429588038319804, 0.09450523020925382, 0.09472343732363943, 0.09495023636884437, 0.09518618516011211, 0.1]





=====================================  N = 10   M = 32768   err2 = 1.0   x[N] = 1.0  =====================================

1.135735495753285
[0.0, 0.5758076371823869, 0.6319820727521333, 0.6806623198203251, 0.7226988513937381, 0.7601771594338648, 0.7949301505725941, 0.8280791057076545, 0.8599931251274511, 0.8902311918332098, 1.0]


=====================================  N = 20   M = 32768   err2 = 1.0   x[N] = 1.0  =====================================

1.2045646684184954
[0.0, 0.5185826038214298, 0.5594297660269789, 0.5951282450554769, 0.6256126034348521, 0.6519215051882177, 0.6753145717315909, 0.6968516540350628, 0.7172847813904434, 0.7370946187995395, 0.7565654542792651, 0.775852939473242, 0.7950328019119338, 0.8141323241698915, 0.8331495955269711, 0.8520624266829588, 0.8708236493839345, 0.8893326065926479, 0.9073694927577808, 0.9244943989403964, 1.0]


=====================================  N = 30   M = 32768   err2 = 1.0   x[N] = 1.0  =====================================

1.244273183126087
[0.0, 0.48836389246103623, 0.5222422865416134, 0.5521621459899817, 0.5777898769637385, 0.5997053232494868, 0.6187932536423707, 0.6358986133479148, 0.651691365345921, 0.6666507295852039, 0.681098389241003, 0.6952415712096914, 0.7092100272484113, 0.7230829502719859, 0.7369074493943684, 0.7507101648076699, 0.7645048701269015, 0.7782971753859148, 0.792087206561498, 0.8058712058843422, 0.8196425079630418, 0.8333918856582986, 0.8471081262293204, 0.8607780498206398, 0.8743861048279891, 0.8879108494424849, 0.9013144665564873, 0.9145191525742955, 0.9273654971744734, 0.9395580556252185, 1.0]


=====================================  N = 40   M = 32768   err2 = 1.0   x[N] = 1.0  =====================================

1.2720775030366156
[0.0, 0.4681544585931293, 0.49779271719079565, 0.5242104274235655, 0.5469731034403648, 0.5664197544371234, 0.5832062144432333, 0.5980201483770043, 0.6114471961552163, 0.6239345510537315, 0.6358017710630062, 0.6472681875526561, 0.6584806636130363, 0.6695357870127433, 0.6804963350367502, 0.6914025312919376, 0.702279692214985, 0.7131431905142571, 0.7240020397560769, 0.7348611481237807, 0.7457228882255479, 0.7565879304580387, 0.7674561842781135, 0.7783268597169699, 0.7891989476910837, 0.8000709048831821, 0.8109408865737232, 0.8218063412151306, 0.8326639684246523, 0.8435094552183926, 0.8543374245655141, 0.8651413387607254, 0.8759136856090397, 0.8866457569993867, 0.8973266526483564, 0.9079397574792879, 0.9184535201944303, 0.9288035918652682, 0.9388645441964277, 0.9484158265898885, 1.0]


=====================================  N = 50   M = 32768   err2 = 1.0   x[N] = 1.0  =====================================

1.2933919619726788
[0.0, 0.453113661457022, 0.4798084753081658, 0.5037899468575481, 0.5245824825131995, 0.5423807784440315, 0.5576885588582108, 0.5710776805666484, 0.5830628943508757, 0.5940560470968584, 0.6043648325685279, 0.6142093918252085, 0.6237433793398452, 0.633072364013875, 0.6422682074086075, 0.6513795052174759, 0.6604387213537423, 0.6694674699676438, 0.6784795152200831, 0.687483731128931, 0.696485301821032, 0.7054871999755468, 0.7144908906645621, 0.7234969139768819, 0.732505340181322, 0.7415159096034663, 0.7505282772977268, 0.7595420830484132, 0.7685569765323071, 0.777572664328647, 0.7865888722985942, 0.7956052264371483, 0.8046213911368384, 0.813636795604023, 0.8226507782337832, 0.8316621408474191, 0.8406694099908657, 0.8496704317621477, 0.8586623715754165, 0.8676416743556379, 0.8766040039570628, 0.8855443042441477, 0.8944569262709378, 0.9033352593163977, 0.9121706531571537, 0.9209487689403425, 0.9296418979783824, 0.9381947799152233, 0.9465040452103386, 0.9543950405712252, 1.0]


=====================================  N = 100   M = 32768   err2 = 1.0   x[N] = 1.0  =====================================

1.3579187220485855
[0.0, 0.40953616600714193, 0.4286945861378961, 0.4463656770166997, 0.4620753555984782, 0.47575353876651566, 0.4875687942214251, 0.4977989680869517, 0.5067462520883357, 0.51468961170141, 0.5218651478540611, 0.5284618254743492, 0.5346259128670404, 0.5404684673380797, 0.5460726069235472, 0.5515006136966268, 0.5567988034973436, 0.5620018166034689, 0.5671355535372076, 0.5722193606766319, 0.5772677089507835, 0.582291294510698, 0.5872980134846191, 0.592293583937149, 0.597282154557474, 0.6022666440946013, 0.6072489981108116, 0.6122305649703088, 0.6172121411512747, 0.622194248627033, 0.6271770670461803, 0.6321607711053596, 0.6371453050538226, 0.6421305978313305, 0.6471165465355837, 0.6521030890260385, 0.6570901122559627, 0.6620774246673756, 0.6670650676739859, 0.6720528600941963, 0.6770408397393224, 0.6820289274770274, 0.687017051104531, 0.6920052402490041, 0.6969934382469104, 0.701981632871512, 0.7069698676634233, 0.7119580901690219, 0.7169462982194852, 0.721934523618606, 0.7269227145330088, 0.7319108802153164, 0.7368990839144617, 0.7418872876693026, 0.7468754749002413, 0.751863641566558, 0.7568518415122292, 0.7618400202668609, 0.7668282083183026, 0.7718164018404923, 0.7768045538795879, 0.7817927405490673, 0.7867809435159338, 0.7917691620112165, 0.7967573703056493, 0.8017455763737773, 0.8067338117396177, 0.8117220821164828, 0.8167104126933042, 0.8216987085711874, 0.8266870995647156, 0.8316755405463432, 0.8366639819416956, 0.8416524565877185, 0.8466409454691518, 0.8516293977308681, 0.8566177938568447, 0.8616059691949265, 0.8665938516081045, 0.871581196898232, 0.87656776743485, 0.8815531553341446, 0.8865369084007282, 0.8915183427108216, 0.8964967125984921, 0.9014709590210563, 0.9064399377440479, 0.9114021793380562, 0.9163561694791683, 0.92130006301195, 0.926232089527934, 0.9311502811172095, 0.936052316919079, 0.940935150926671, 0.9457934989770229, 0.9506174914293916, 0.955388859864559, 0.9600747562958417, 0.9646209401077678, 0.9689451851119397, 1.0]
