

3
[0, 1, 2, 3]
[0.05288048	 0.28878538	 0.96441961	]
[0.00000000	 0.65696949	 0.43156475	 0.83335289	]
[0.92465517	 0.83133972	 0.82475452	 0.81986162	]
[[0.58766315	 0.58766315	 0.58766315	 0.58766315	]
 [0.58766315	 0.58766315	 0.58766315	 0.58766315	]
 [0.58766315	 0.58766315	 0.58766315	 0.58766315	]
 [0.58766315	 0.58766315	 0.58766315	 0.58766315	]]
[[0.00000000	 0.00000000	 0.00000000	 0.00000000	]
 [0.00000000	 0.00000000	 0.00000000	 0.00000000	]
 [0.00000000	 0.00000000	 0.00000000	 0.00000000	]
 [0.00000000	 0.00000000	 0.00000000	 0.00000000	]]
0.23418082087034814
[[1.07634495	 0.00000000	 0.00000000	 0.00000000	]
 [0.98040102	 0.89719820	 0.00000000	 0.00000000	]
 [0.93955691	 0.84863305	 0.89643282	 0.00000000	]
 [0.92465517	 0.83133972	 0.82475452	 0.81986162	]]

ANS:
0.23418082087034814
A:
[[0.00000000     0.00000000      0.00000000     ]
 [0.01524729     0.00000000      0.00000000     ]
 [0.01223143     0.10465198      0.00000000     ]
 [0.00711877     0.06013492      0.32184694     ]]
K:       0.5876631497793825
r2:      2.8985060094543478
X / XN:
[1.16405010      1.06028826      1.01611599     ]







3
[0, 2, 4, 6]
[83.96443390	 0.39058293	 0.05924165	 1.11537578	 3.41882853	 0.37222545	]
[0.00000000	 0.72436861	 0.01577372	 0.86891565	]
[0.72806590	 0.12630469	 0.14755228	 0.49759093	]
[[8.33282818	 8.33282818	 8.33282818	 8.33282818	 8.33282818	 8.33282818	 8.33282818	]
 [8.33282818	 8.33282818	 8.33282818	 8.33282818	 8.33282818	 8.33282818	 8.33282818	]
 [8.33282818	 8.33282818	 8.33282818	 8.33282818	 8.33282818	 8.33282818	 8.33282818	]
 [8.33282818	 8.33282818	 8.33282818	 8.33282818	 8.33282818	 8.33282818	 8.33282818	]
 [8.33282818	 8.33282818	 8.33282818	 8.33282818	 8.33282818	 8.33282818	 8.33282818	]
 [8.33282818	 8.33282818	 8.33282818	 8.33282818	 8.33282818	 8.33282818	 8.33282818	]
 [8.33282818	 8.33282818	 8.33282818	 8.33282818	 8.33282818	 8.33282818	 8.33282818	]]
[[0.00000000	 0.00000000	 0.00000000	 0.00000000	 0.00000000	 0.00000000	 0.00000000	]
 [0.00000000	 0.00000000	 0.00000000	 0.00000000	 0.00000000	 0.00000000	 0.00000000	]
 [0.00000000	 0.00000000	 0.00000000	 0.00000000	 0.00000000	 0.00000000	 0.00000000	]
 [0.00000000	 0.00000000	 0.00000000	 0.00000000	 0.00000000	 0.00000000	 0.00000000	]
 [0.00000000	 0.00000000	 0.00000000	 0.00000000	 0.00000000	 0.00000000	 0.00000000	]
 [0.00000000	 0.00000000	 0.00000000	 0.00000000	 0.00000000	 0.00000000	 0.00000000	]
 [0.00000000	 0.00000000	 0.00000000	 0.00000000	 0.00000000	 0.00000000	 0.00000000	]]
6.432105425995141
[[0.72321009	 0.00000000	 0.00000000	 0.00000000	]
 [0.72321010	 0.00000000	 0.00000000	 0.00000000	]
 [0.72782298	 0.74778148	 0.00000000	 0.00000000	]
 [0.72782299	 0.74778147	 0.00000000	 0.00000000	]
 [0.72795354	 0.42755839	 0.61976983	 0.00000000	]
 [0.72833883	 -0.63031824	 -0.81385176	 0.00000000	]
 [0.72806590	 0.12630469	 0.14755228	 0.49759093	]]

ANS:
6.432105425995141
A:
[[0.00000000     0.00000000      0.00000000      0.00000000      0.00000000      0.00000000     ]
 [0.85865997     0.00399429      0.00000000      0.00000000      0.00000000      0.00000000     ]
 [0.81635595     0.00379750      0.00284902      0.05364012      0.00000000      0.00000000     ]
 [0.74243097     0.00345362      0.00157478      0.02964928      0.13604345      -0.01481175    ]]
K:       8.33282817947963
r2:      0.815401234560752
X / XN:
[0.99333054      0.99333055      0.99966636      0.99966636      0.99984568      1.00037488     ]









3
[0, 2, 4, 6]
[0.00000000	 1.49897101	 42.37412510	 0.00000000	 8.01902564	 0.27883367	]
[0.00000000	 0.40327910	 0.15445831	 0.63101841	]
[0.12446125	 0.07222506	 0.32245186	 0.28130457	]
[[4.89331718	 4.89331718	 4.89331718	 4.89331718	 4.89331718	 4.89331718	 4.89331718	]
 [4.89331718	 4.89331718	 4.89331718	 4.89331718	 4.89331718	 4.89331718	 4.89331718	]
 [4.89331718	 4.89331718	 4.89331718	 4.89331718	 4.89331718	 4.89331718	 4.89331718	]
 [4.89331718	 4.89331718	 4.89331718	 4.89331718	 4.89331718	 4.89331718	 4.89331718	]
 [4.89331718	 4.89331718	 4.89331718	 4.89331718	 4.89331718	 4.89331718	 4.89331718	]
 [4.89331718	 4.89331718	 4.89331718	 4.89331718	 4.89331718	 4.89331718	 4.89331718	]
 [4.89331718	 4.89331718	 4.89331718	 4.89331718	 4.89331718	 4.89331718	 4.89331718	]]
[[0.00000000	 0.00000000	 0.00000000	 0.00000000	 0.00000000	 0.00000000	 0.00000000	]
 [0.00000000	 0.00000000	 0.00000000	 0.00000000	 0.00000000	 0.00000000	 0.00000000	]
 [0.00000000	 0.00000000	 0.00000000	 0.00000000	 0.00000000	 0.00000000	 0.00000000	]
 [0.00000000	 0.00000000	 0.00000000	 0.00000000	 0.00000000	 0.00000000	 0.00000000	]
 [0.00000000	 0.00000000	 0.00000000	 0.00000000	 0.00000000	 0.00000000	 0.00000000	]
 [0.00000000	 0.00000000	 0.00000000	 0.00000000	 0.00000000	 0.00000000	 0.00000000	]
 [0.00000000	 0.00000000	 0.00000000	 0.00000000	 0.00000000	 0.00000000	 0.00000000	]]
4.599997870895401
[[-0.68929259	 0.00000000	 0.00000000	 0.00000000	]
 [0.08514459	 0.00000000	 0.00000000	 0.00000000	]
 [0.12358695	 0.07338878	 0.00000000	 0.00000000	]
 [-0.55945474	 -1.39724456	 0.00000000	 0.00000000	]
 [0.12442432	 0.07227498	 0.68260378	 0.00000000	]
 [0.12460276	 0.07203334	 -1.05932186	 0.00000000	]
 [0.12446125	 0.07222506	 0.32245186	 0.28130457	]]

ANS:
4.599997870895401
A:
[[0.00000000     0.00000000      0.00000000      0.00000000      0.00000000      0.00000000     ]
 [0.00000000     0.79764326      0.00000000      0.00000000      0.00000000      0.00000000     ]
 [0.00000000     0.03092105      0.87713094      0.00000000      0.00000000      0.00000000     ]
 [0.00000000     0.02112305      0.59916266      0.00000000      0.37442293      -0.01301925    ]]
K:       4.893317180640953
r2:      0.20381452535460287
X / XN:
[0.68410524      0.99297538      0.99970330      1.00113714     ]





3
[0, 1, 2, 3]
[1.63664231	 0.48052291	 3.78091055	]
[0.00000000	 0.78769601	 0.50946998	 0.71326602	]
[0.15580327	 0.64529806	 1.21948850	 0.73040904	]
[[1.27132979	 1.27132979	 1.27132979	 1.27132979	]
 [1.27132979	 1.27132979	 1.27132979	 1.27132979	]
 [1.27132979	 1.27132979	 1.27132979	 1.27132979	]
 [1.27132979	 1.27132979	 1.27132979	 1.27132979	]]
[[0.00000000	 0.00000000	 0.00000000	 0.00000000	]
 [0.00000000	 0.00000000	 0.00000000	 0.00000000	]
 [0.00000000	 0.00000000	 0.00000000	 0.00000000	]
 [0.00000000	 0.00000000	 0.00000000	 0.00000000	]]
0.4571233088038017
[[0.14368676	 0.00000000	 0.00000000	 0.00000000	]
 [0.15256344	 0.88042440	 0.00000000	 0.00000000	]
 [0.15567578	 0.65456965	 1.25923614	 0.00000000	]
 [0.15580327	 0.64529806	 1.21948850	 0.73040904	]]

ANS:
0.4571233088038017
A:
[[0.00000000     0.00000000      0.00000000     ]
 [0.19932080     0.00000000      0.00000000     ]
 [0.16086524     0.08403685      0.00000000     ]
 [0.04472830     0.02243984      0.58606677     ]]
K:       1.271329794184149
r2:      2.461333808230587
X / XN:
[0.92223204      0.97920569      0.99918175     ]








1
[0, 2]
[4.54236098	 0.64239497	]
[0.00000000	 0.98891200	]
[0.39926704	 0.00000000	]
[[0.00144115	 0.00144115	 0.00144115	]
 [0.00144115	 0.00144115	 0.00144115	]
 [0.00144115	 0.00144115	 0.00144115	]]
[[0.00000000	 0.00000000	 0.00000000	]
 [0.00000000	 0.00000000	 0.00000000	]
 [0.00000000	 0.00000000	 0.00000000	]]
0.09615035054611319
[[0.85027054	 0.00000000	]
 [-0.89675953	 0.00000000	]
 [0.39926704	 0.00000000	]]

 ANS:
0.09615035054611319
A:
[[0.00000000     0.00000000     ]
 [0.33863666     -0.04789106    ]]
K:       0.0014411528676104483
r2:      0.15941417070306924
X / XN:
[2.12957857      -2.24601442    ]








2
[0, 2, 4]
[0.25439865	 31.28540787	 27.86915273	 0.21665136	]
[0.00000000	 0.80797775	 0.74959618	]
[0.83462695	 0.56578827	 0.00000000	]
[[1.00000000	 1.00000000	 1.00000000	 1.00000000	 1.00000000	]
 [1.00000000	 1.00000000	 1.00000000	 1.00000000	 1.00000000	]
 [1.00000000	 1.00000000	 1.00000000	 1.00000000	 1.00000000	]
 [1.00000000	 1.00000000	 1.00000000	 1.00000000	 1.00000000	]
 [1.00000000	 1.00000000	 1.00000000	 1.00000000	 1.00000000	]]
[[0.00000000	 0.00000000	 0.00000000	 0.00000000	 0.00000000	]
 [0.00000000	 0.00000000	 0.00000000	 0.00000000	 0.00000000	]
 [0.00000000	 0.00000000	 0.00000000	 0.00000000	 0.00000000	]
 [0.00000000	 0.00000000	 0.00000000	 0.00000000	 0.00000000	]
 [0.00000000	 0.00000000	 0.00000000	 0.00000000	 0.00000000	]]
1.297664312377475
[[0.83462696	 0.00000000	 0.00000000	]
 [0.83462695	 0.00000000	 0.00000000	]
 [0.83462695	 0.68924489	 0.00000000	]
 [0.83462691	 -1.02690716	 0.00000000	]
 [0.83462695	 0.56578827	 0.00000000	]]


 ANS:
1.297664312377475
A:
[[0.00000000     0.00000000      0.00000000      0.00000000     ]
 [0.00666174     0.81924626      0.00000000      0.00000000     ]
 [0.00185383     0.22797986      0.78441931      -0.00609798    ]]
K:       1.0
r2:      1.0167185151079092
X / XN:
[1.00000000      1.00000000      1.00000000      1.00000000     ]
