
1
0.6547916946341458
[0, 3]
[54.55890280	 0.11816725	 0.00000000	]
[[0.53849010	 -2.43715133	 0.98338698	 0.53849010	]
 [-2.43715133	 40.38326289	 -20.65460630	 -2.43715133	]
 [0.98338698	 -20.65460630	 11.50906058	 0.98338698	]
 [0.53849010	 -2.43715133	 0.98338698	 0.53849010	]]
[[0.00000000	 0.18413092	 0.12545885	 0.00000000	]
 [0.18413092	 0.00000000	 0.61356908	 0.18413092	]
 [0.12545885	 0.61356908	 0.00000000	 0.12545885	]
 [0.00000000	 0.18413092	 0.12545885	 0.00000000	]]
0.42427097797284746
[[0.29911147	 0.00000000	]
 [-0.26631371	 0.00000000	]
 [-0.59877243	 0.00000000	]
 [0.29279745	 0.75436155	]]

ANS:
0.42427097797284746
w:
[0.00000000      1.34126861     ]
A:
[[0.00000000     0.00000000      0.00000000     ]
 [0.72215205     -0.00156408     -0.00000000    ]]







1
2.6135587794205093
[0, 3]
[0.36733181	 0.00000000	 0.00000000	]
[[1.34042221	 0.09046149	 0.64709975	 1.34042221	]
 [0.09046149	 1.89473411	 0.26242117	 0.09046149	]
 [0.64709975	 0.26242117	 2.90447382	 0.64709975	]
 [1.34042221	 0.09046149	 0.64709975	 1.34042221	]]
[[0.00000000	 0.01310535	 0.14359210	 0.00000000	]
 [0.01310535	 0.00000000	 0.24345743	 0.01310535	]
 [0.14359210	 0.24345743	 0.00000000	 0.14359210	]
 [0.00000000	 0.01310535	 0.14359210	 0.00000000	]]
0.33460617457079134
[[1.14227135	 0.00000000	]
 [0.52311999	 0.00000000	]
 [1.38412199	 0.00000000	]
 [1.20988967	 1.07225266	]]

ANS:
0.33460617457079134
w:
[0.00000000      3.43605667     ]
A:
[[0.00000000     0.00000000      0.00000000     ]
 [0.15977487     0.00000000      0.00000000     ]]







1
8.732519019191312
[0, 3]
[1.29086931	 0.00000000	 0.00000000	]
[[15.12251814	 7.09630186	 -8.48093423	 15.12251814	]
 [7.09630186	 3.85863601	 -3.93181530	 7.09630186	]
 [-8.48093423	 -3.93181530	 5.12748226	 -8.48093423	]
 [15.12251814	 7.09630186	 -8.48093423	 15.12251814	]]
[[0.00000000	 0.02211828	 0.09924984	 0.00000000	]
 [0.02211828	 0.00000000	 0.02766143	 0.02211828	]
 [0.09924984	 0.02766143	 0.00000000	 0.09924984	]
 [0.00000000	 0.02211828	 0.09924984	 0.00000000	]]
0.45733934978159807
[[2.77162439	 0.00000000	]
 [3.09379436	 0.00000000	]
 [3.90470782	 0.00000000	]
 [2.77910499	 1.00453694	]]

ANS:
0.45733934978159807
w:
[0.00000000      2.20644573     ]
A:
[[0.00000000     0.00000000      0.00000000     ]
 [0.34112874     0.00000000      0.00000000     ]]







1
2.01867572108617
[0, 3]
[0.29198711	 0.00000000	 0.00000000	]
[[1.08408138	 -0.01836708	 0.29179199	 1.08408138	]
 [-0.01836708	 1.13793383	 0.04922464	 -0.01836708	]
 [0.29179199	 0.04922464	 1.16617340	 0.29179199	]
 [1.08408138	 -0.01836708	 0.29179199	 1.08408138	]]
[[0.00000000	 0.12389980	 0.00018915	 0.00000000	]
 [0.12389980	 0.00000000	 0.13377106	 0.12389980	]
 [0.00018915	 0.13377106	 0.00000000	 0.00018915	]
 [0.00000000	 0.12389980	 0.00018915	 0.00000000	]]
0.29638447339462415
[[0.95561600	 0.00000000	]
 [1.19430031	 0.00000000	]
 [0.89967624	 0.00000000	]
 [0.97965382	 1.02905496	]]

ANS:
0.29638447339462415
w:
[0.00000000      3.57290686     ]
A:
[[0.00000000     0.00000000      0.00000000     ]
 [0.13640186     0.00000000      0.00000000     ]]




1
2.351019779858801
[0, 3]
[0.38556722	 0.00000000	 0.00000000	]
[[1.28951319	 -0.50737607	 -0.24666764	 1.28951319	]
 [-0.50737607	 0.45408019	 -0.23339906	 -0.50737607	]
 [-0.24666764	 -0.23339906	 1.89088955	 -0.24666764	]
 [1.28951319	 -0.50737607	 -0.24666764	 1.28951319	]]
[[0.00000000	 0.00457163	 0.00338495	 0.00000000	]
 [0.00457163	 0.00000000	 0.00008899	 0.00457163	]
 [0.00338495	 0.00008899	 0.00000000	 0.00338495	]
 [0.00000000	 0.00457163	 0.00338495	 0.00000000	]]
0.34264196404165453
[[1.02199032	 0.00000000	]
 [1.54155109	 0.00000000	]
 [1.44326090	 0.00000000	]
 [1.08841584	 1.07998645	]]

ANS:
0.34264196404165453
w:
[0.00000000      3.40405104     ]
A:
[[0.00000000     0.00000000      0.00000000     ]
 [0.16503964     0.00000000      0.00000000     ]]






1
5.466693316464331
[0, 3]
[1.62373677	 0.00000000	 0.00000000	]
[[4.73011392	 -2.19067973	 1.50840663	 4.73011392	]
 [-2.19067973	 1.91524349	 -1.19077404	 -2.19067973	]
 [1.50840663	 -1.19077404	 3.53741770	 1.50840663	]
 [4.73011392	 -2.19067973	 1.50840663	 4.73011392	]]
[[0.00000000	 0.00011587	 0.10070438	 0.00000000	]
 [0.00011587	 0.00000000	 0.09398836	 0.00011587	]
 [0.10070438	 0.09398836	 0.00000000	 0.10070438	]
 [0.00000000	 0.00011587	 0.10070438	 0.00000000	]]
0.4918259000164301
[[2.06472637	 0.00000000	]
 [3.41466845	 0.00000000	]
 [2.24500350	 0.00000000	]
 [2.09781648	 1.03240464	]]

ANS:
0.4918259000164301
w:
[0.00000000      2.16714764     ]
A:
[[0.00000000     0.00000000      0.00000000     ]
 [0.36881975     0.00000000      0.00000000     ]]








3
0.18474268020648432
[0, 2, 4, 6]
[2.22434954	 0.00000000	 13.38072533	 0.00000000	 6.32430043	 0.08935310	]
[[0.40218963	 -0.26283285	 0.40218963	 -0.26283285	 0.40218963	 -0.26283285	 0.40218963	]
 [-0.26283285	 1.59354627	 -0.26283285	 1.59354627	 -0.26283285	 1.59354627	 -0.26283285	]
 [0.40218963	 -0.26283285	 0.40218963	 -0.26283285	 0.40218963	 -0.26283285	 0.40218963	]
 [-0.26283285	 1.59354627	 -0.26283285	 1.59354627	 -0.26283285	 1.59354627	 -0.26283285	]
 [0.40218963	 -0.26283285	 0.40218963	 -0.26283285	 0.40218963	 -0.26283285	 0.40218963	]
 [-0.26283285	 1.59354627	 -0.26283285	 1.59354627	 -0.26283285	 1.59354627	 -0.26283285	]
 [0.40218963	 -0.26283285	 0.40218963	 -0.26283285	 0.40218963	 -0.26283285	 0.40218963	]]
[[0.00000000	 0.00392199	 0.00000000	 0.00392199	 0.00000000	 0.00392199	 0.00000000	]
 [0.00392199	 0.00000000	 0.00392199	 0.00000000	 0.00392199	 0.00000000	 0.00392199	]
 [0.00000000	 0.00392199	 0.00000000	 0.00392199	 0.00000000	 0.00392199	 0.00000000	]
 [0.00392199	 0.00000000	 0.00392199	 0.00000000	 0.00392199	 0.00000000	 0.00392199	]
 [0.00000000	 0.00392199	 0.00000000	 0.00392199	 0.00000000	 0.00392199	 0.00000000	]
 [0.00392199	 0.00000000	 0.00392199	 0.00000000	 0.00392199	 0.00000000	 0.00392199	]
 [0.00000000	 0.00392199	 0.00000000	 0.00392199	 0.00000000	 0.00392199	 0.00000000	]]
0.28026491167108625
[[-0.00000000	 0.00000000	 0.00000000	 0.00000000	]
 [2.44585651	 0.00000000	 0.00000000	 0.00000000	]
 [-0.00000000	 0.35061338	 0.00000000	 0.00000000	]
 [-0.57496671	 -1.25952446	 0.00000000	 0.00000000	]
 [-0.00000000	 0.30034514	 0.60193595	 0.00000000	]
 [-0.00000001	 0.08335119	 -0.93796778	 0.00000000	]
 [0.00000000	 0.28928727	 0.28528649	 0.14023969	]]

ANS:
0.28026491167108625
w:
[0.00000000      0.08674065      0.12936947      0.51196007     ]
A:
[[0.00000000     0.00000000      0.00000000      0.00000000      0.00000000      0.00000000     ]
 [0.43052427     -0.00000000     0.00000000      0.00000000      0.00000000      0.00000000     ]
 [0.10930825     -0.00000000     0.72339758      -0.00000000     0.00000000      0.00000000     ]
 [0.07346541     -0.00000000     0.47670322      -0.00000000     0.38322626      -0.00541443    ]]





3
0.5467740368872764
[0, 2, 4, 6]
[0.32665778	 0.12992188	 0.69218838	 0.00000000	 4.11133626	 0.00181178	]
[[0.00846000	 0.33488997	 0.00846000	 0.33488997	 0.00846000	 0.33488997	 0.00846000	]
 [0.33488997	 16.88591612	 0.33488997	 16.88591612	 0.33488997	 16.88591612	 0.33488997	]
 [0.00846000	 0.33488997	 0.00846000	 0.33488997	 0.00846000	 0.33488997	 0.00846000	]
 [0.33488997	 16.88591612	 0.33488997	 16.88591612	 0.33488997	 16.88591612	 0.33488997	]
 [0.00846000	 0.33488997	 0.00846000	 0.33488997	 0.00846000	 0.33488997	 0.00846000	]
 [0.33488997	 16.88591612	 0.33488997	 16.88591612	 0.33488997	 16.88591612	 0.33488997	]
 [0.00846000	 0.33488997	 0.00846000	 0.33488997	 0.00846000	 0.33488997	 0.00846000	]]
[[0.00000000	 0.57055391	 0.00000000	 0.57055391	 0.00000000	 0.57055391	 0.00000000	]
 [0.57055391	 0.00000000	 0.57055391	 0.00000000	 0.57055391	 0.00000000	 0.57055391	]
 [0.00000000	 0.57055391	 0.00000000	 0.57055391	 0.00000000	 0.57055391	 0.00000000	]
 [0.57055391	 0.00000000	 0.57055391	 0.00000000	 0.57055391	 0.00000000	 0.57055391	]
 [0.00000000	 0.57055391	 0.00000000	 0.57055391	 0.00000000	 0.57055391	 0.00000000	]
 [0.57055391	 0.00000000	 0.57055391	 0.00000000	 0.57055391	 0.00000000	 0.57055391	]
 [0.00000000	 0.57055391	 0.00000000	 0.57055391	 0.00000000	 0.57055391	 0.00000000	]]
0.26918721723163996
[[1.01005036	 0.00000000	 0.00000000	 0.00000000	]
 [0.83650314	 0.00000000	 0.00000000	 0.00000000	]
 [0.57804312	 0.86636857	 0.00000000	 0.00000000	]
 [0.46159795	 0.29090488	 0.00000000	 0.00000000	]
 [0.41733952	 0.57541386	 0.61888052	 0.00000000	]
 [0.35158536	 0.51104554	 0.54462936	 0.00000000	]
 [0.30800239	 0.40927929	 0.39447332	 0.35887300	]]

ANS:
0.26918721723163996
w:
[0.00000000      1.76891243      1.01157987      0.90388828     ]
A:
[[0.00000000     0.00000000      0.00000000      0.00000000      0.00000000      0.00000000     ]
 [0.04353983     0.01648637      0.00000000      0.00000000      0.00000000      0.00000000     ]
 [0.03314052     0.01401230      0.14267545      0.00000000      0.00000000      0.00000000     ]
 [0.01509700     0.00810638      0.05629449      0.00000000      0.45948076      0.00020248     ]]






3
0.20752330836605096
[0, 2, 4, 6]
[27.69097036	 0.00000000	 5.27656668	 0.27391686	 0.66111599	 0.00000000	]
[[0.17103483	 -0.01480858	 0.17103483	 -0.01480858	 0.17103483	 -0.01480858	 0.17103483	]
 [-0.01480858	 0.19676413	 -0.01480858	 0.19676413	 -0.01480858	 0.19676413	 -0.01480858	]
 [0.17103483	 -0.01480858	 0.17103483	 -0.01480858	 0.17103483	 -0.01480858	 0.17103483	]
 [-0.01480858	 0.19676413	 -0.01480858	 0.19676413	 -0.01480858	 0.19676413	 -0.01480858	]
 [0.17103483	 -0.01480858	 0.17103483	 -0.01480858	 0.17103483	 -0.01480858	 0.17103483	]
 [-0.01480858	 0.19676413	 -0.01480858	 0.19676413	 -0.01480858	 0.19676413	 -0.01480858	]
 [0.17103483	 -0.01480858	 0.17103483	 -0.01480858	 0.17103483	 -0.01480858	 0.17103483	]]
[[0.00000000	 0.00209966	 0.00000000	 0.00209966	 0.00000000	 0.00209966	 0.00000000	]
 [0.00209966	 0.00000000	 0.00209966	 0.00000000	 0.00209966	 0.00000000	 0.00209966	]
 [0.00000000	 0.00209966	 0.00000000	 0.00209966	 0.00000000	 0.00209966	 0.00000000	]
 [0.00209966	 0.00000000	 0.00209966	 0.00000000	 0.00209966	 0.00000000	 0.00209966	]
 [0.00000000	 0.00209966	 0.00000000	 0.00209966	 0.00000000	 0.00209966	 0.00000000	]
 [0.00209966	 0.00000000	 0.00209966	 0.00000000	 0.00209966	 0.00000000	 0.00209966	]
 [0.00000000	 0.00209966	 0.00000000	 0.00209966	 0.00000000	 0.00209966	 0.00000000	]]
0.21337469378627463
[[0.00000000	 0.00000000	 0.00000000	 0.00000000	]
 [0.94105538	 0.00000000	 0.00000000	 0.00000000	]
 [0.00000000	 0.74912755	 0.00000000	 0.00000000	]
 [0.00000000	 -0.96064954	 0.00000000	 0.00000000	]
 [0.00000001	 0.54988045	 0.82570199	 0.00000000	]
 [-0.14375866	 0.26640099	 -1.10343145	 0.00000000	]
 [0.00000000	 0.37680858	 0.23865971	 0.09262905	]]

ANS:
0.21337469378627463
w:
[0.00000000      0.33346842      0.09797467      0.68090160     ]
A:
[[0.00000000     0.00000000      0.00000000      0.00000000      0.00000000      0.00000000     ]
 [0.74428859     -0.00000000     0.00000000      0.00000000      0.00000000      0.00000000     ]
 [0.51033124     0.00000000      0.37376887      -0.01897687     0.00000000      0.00000000     ]
 [0.48531693     0.00000000      0.33710453      -0.01756687     0.09498017      -0.00000000    ]]








3
0.4567705129900043
[0, 2, 4, 6]
[0.00000000	 0.72075015	 106.53897021	 0.85724507	 0.13261453	 0.00000000	]
[[0.19294389	 -0.36570750	 0.19294389	 -0.36570750	 0.19294389	 -0.36570750	 0.19294389	]
 [-0.36570750	 1.16379213	 -0.36570750	 1.16379213	 -0.36570750	 1.16379213	 -0.36570750	]
 [0.19294389	 -0.36570750	 0.19294389	 -0.36570750	 0.19294389	 -0.36570750	 0.19294389	]
 [-0.36570750	 1.16379213	 -0.36570750	 1.16379213	 -0.36570750	 1.16379213	 -0.36570750	]
 [0.19294389	 -0.36570750	 0.19294389	 -0.36570750	 0.19294389	 -0.36570750	 0.19294389	]
 [-0.36570750	 1.16379213	 -0.36570750	 1.16379213	 -0.36570750	 1.16379213	 -0.36570750	]
 [0.19294389	 -0.36570750	 0.19294389	 -0.36570750	 0.19294389	 -0.36570750	 0.19294389	]]
[[0.00000000	 0.34331431	 0.00000000	 0.34331431	 0.00000000	 0.34331431	 0.00000000	]
 [0.34331431	 0.00000000	 0.34331431	 0.00000000	 0.34331431	 0.00000000	 0.34331431	]
 [0.00000000	 0.34331431	 0.00000000	 0.34331431	 0.00000000	 0.34331431	 0.00000000	]
 [0.34331431	 0.00000000	 0.34331431	 0.00000000	 0.34331431	 0.00000000	 0.34331431	]
 [0.00000000	 0.34331431	 0.00000000	 0.34331431	 0.00000000	 0.34331431	 0.00000000	]
 [0.34331431	 0.00000000	 0.34331431	 0.00000000	 0.34331431	 0.00000000	 0.34331431	]
 [0.00000000	 0.34331431	 0.00000000	 0.34331431	 0.00000000	 0.34331431	 0.00000000	]]
0.3296810967208326
[[-10.69644241	 0.00000000	 0.00000000	 0.00000000	]
 [-0.00000000	 0.00000000	 0.00000000	 0.00000000	]
 [0.00000000	 0.50077214	 0.00000000	 0.00000000	]
 [-0.00000006	 -0.51605001	 0.00000000	 0.00000000	]
 [0.00000000	 0.47997713	 1.10401792	 0.00000000	]
 [0.33926401	 -0.14101109	 -0.22624995	 0.00000000	]
 [0.00000000	 0.47946110	 0.46538555	 0.10150789	]]

ANS:
0.3296810967208326
w:
[0.00000000      1.69232993      0.05638536      0.88265062     ]
A:
[[0.00000000     0.00000000      0.00000000      0.00000000      0.00000000      0.00000000     ]
 [0.00000000     -0.11407668     0.00000000      0.00000000      0.00000000      0.00000000     ]
 [0.00000000     -0.00475172     0.84313312      -0.00678278     0.00000000      0.00000000     ]
 [0.00000000     -0.00463761     0.82255991      -0.00661866     0.04004465      -0.00000000    ]]












3
0.22235495546777542
[0, 2, 4, 6]
[0.18907261	 0.28816158	 0.15290890	 0.00000000	 1.18766850	 0.02730999	]
[[0.00239844	 0.06087323	 0.00239844	 0.06087323	 0.00239844	 0.06087323	 0.00239844	]
 [0.06087323	 2.50545434	 0.06087323	 2.50545434	 0.06087323	 2.50545434	 0.06087323	]
 [0.00239844	 0.06087323	 0.00239844	 0.06087323	 0.00239844	 0.06087323	 0.00239844	]
 [0.06087323	 2.50545434	 0.06087323	 2.50545434	 0.06087323	 2.50545434	 0.06087323	]
 [0.00239844	 0.06087323	 0.00239844	 0.06087323	 0.00239844	 0.06087323	 0.00239844	]
 [0.06087323	 2.50545434	 0.06087323	 2.50545434	 0.06087323	 2.50545434	 0.06087323	]
 [0.00239844	 0.06087323	 0.00239844	 0.06087323	 0.00239844	 0.06087323	 0.00239844	]]
[[0.00000000	 0.05097315	 0.00000000	 0.05097315	 0.00000000	 0.05097315	 0.00000000	]
 [0.05097315	 0.00000000	 0.05097315	 0.00000000	 0.05097315	 0.00000000	 0.05097315	]
 [0.00000000	 0.05097315	 0.00000000	 0.05097315	 0.00000000	 0.05097315	 0.00000000	]
 [0.05097315	 0.00000000	 0.05097315	 0.00000000	 0.05097315	 0.00000000	 0.05097315	]
 [0.00000000	 0.05097315	 0.00000000	 0.05097315	 0.00000000	 0.05097315	 0.00000000	]
 [0.05097315	 0.00000000	 0.05097315	 0.00000000	 0.05097315	 0.00000000	 0.05097315	]
 [0.00000000	 0.05097315	 0.00000000	 0.05097315	 0.00000000	 0.05097315	 0.00000000	]]
0.09011879978843829
[[0.97781810	 0.00000000	 0.00000000	 0.00000000	]
 [0.95926194	 0.00000000	 0.00000000	 0.00000000	]
 [0.59255382	 0.85560607	 0.00000000	 0.00000000	]
 [0.51005806	 0.90944164	 0.00000000	 0.00000000	]
 [0.49706368	 0.67040983	 0.49141962	 0.00000000	]
 [0.48788725	 0.66329503	 0.48575888	 0.00000000	]
 [0.22945046	 0.27683301	 0.19040108	 0.23836601	]]

ANS:
0.09011879978843829
w:
[0.00000000      0.75887207      1.15190097      1.15130719     ]
A:
[[0.00000000     0.00000000      0.00000000      0.00000000      0.00000000      0.00000000     ]
 [0.02061283     0.03100976      0.00000000      0.00000000      0.00000000      0.00000000     ]
 [0.01930027     0.02936515      0.03086367      0.00000000      0.00000000      0.00000000     ]
 [0.01345541     0.02098043      0.01909227      0.00000000      0.17239940      0.00396426     ]]










3
7.09084414428357
[0, 2, 4, 6]
[3.00885902	 0.00000000	 0.18128253	 0.00000000	 0.55494913	 0.00000000	]
[[7.57253026	 -12.26727979	 7.57253026	 -12.26727979	 7.57253026	 -12.26727979	 7.57253026	]
 [-12.26727979	 23.33795511	 -12.26727979	 23.33795511	 -12.26727979	 23.33795511	 -12.26727979	]
 [7.57253026	 -12.26727979	 7.57253026	 -12.26727979	 7.57253026	 -12.26727979	 7.57253026	]
 [-12.26727979	 23.33795511	 -12.26727979	 23.33795511	 -12.26727979	 23.33795511	 -12.26727979	]
 [7.57253026	 -12.26727979	 7.57253026	 -12.26727979	 7.57253026	 -12.26727979	 7.57253026	]
 [-12.26727979	 23.33795511	 -12.26727979	 23.33795511	 -12.26727979	 23.33795511	 -12.26727979	]
 [7.57253026	 -12.26727979	 7.57253026	 -12.26727979	 7.57253026	 -12.26727979	 7.57253026	]]
[[0.00000000	 0.10679985	 0.00000000	 0.10679985	 0.00000000	 0.10679985	 0.00000000	]
 [0.10679985	 0.00000000	 0.10679985	 0.00000000	 0.10679985	 0.00000000	 0.10679985	]
 [0.00000000	 0.10679985	 0.00000000	 0.10679985	 0.00000000	 0.10679985	 0.00000000	]
 [0.10679985	 0.00000000	 0.10679985	 0.00000000	 0.10679985	 0.00000000	 0.10679985	]
 [0.00000000	 0.10679985	 0.00000000	 0.10679985	 0.00000000	 0.10679985	 0.00000000	]
 [0.10679985	 0.00000000	 0.10679985	 0.00000000	 0.10679985	 0.00000000	 0.10679985	]
 [0.00000000	 0.10679985	 0.00000000	 0.10679985	 0.00000000	 0.10679985	 0.00000000	]]
0.7537419371277232
[[2.20266521	 0.00000000	 0.00000000	 0.00000000	]
 [3.91977116	 0.00000000	 0.00000000	 0.00000000	]
 [2.22374008	 1.36886890	 0.00000000	 0.00000000	]
 [2.26718289	 1.54090867	 0.00000000	 0.00000000	]
 [2.22416773	 1.28608447	 0.69431408	 0.00000000	]
 [-2.00789030	 0.68828401	 2.06351423	 0.00000000	]
 [2.22459457	 1.20150414	 0.60374218	 0.57784626	]]

ANS:
0.7537419371277232
w:
[0.00000000      1.36577618      1.20291333      1.36442273     ]
A:
[[0.00000000     0.00000000      0.00000000      0.00000000      0.00000000      0.00000000     ]
 [0.25969621     0.00000000      0.00000000      0.00000000      0.00000000      0.00000000     ]
 [0.23209124     0.00000000      0.09294628      0.00000000      0.00000000      0.00000000     ]
 [0.17245775     0.00000000      0.06516589      0.00000000      0.26060989      -0.00000000    ]]









3
2.7959585850394557
[0, 2, 4, 6]
[4.37309419	 0.00000000	 0.84995682	 0.00000000	 1.63839812	 0.00000000	]
[[1.31482586	 1.02129752	 1.31482586	 1.02129752	 1.31482586	 1.02129752	 1.31482586	]
 [1.02129752	 1.28743922	 1.02129752	 1.28743922	 1.02129752	 1.28743922	 1.02129752	]
 [1.31482586	 1.02129752	 1.31482586	 1.02129752	 1.31482586	 1.02129752	 1.31482586	]
 [1.02129752	 1.28743922	 1.02129752	 1.28743922	 1.02129752	 1.28743922	 1.02129752	]
 [1.31482586	 1.02129752	 1.31482586	 1.02129752	 1.31482586	 1.02129752	 1.31482586	]
 [1.02129752	 1.28743922	 1.02129752	 1.28743922	 1.02129752	 1.28743922	 1.02129752	]
 [1.31482586	 1.02129752	 1.31482586	 1.02129752	 1.31482586	 1.02129752	 1.31482586	]]
[[0.00000000	 0.00523369	 0.00000000	 0.00523369	 0.00000000	 0.00523369	 0.00000000	]
 [0.00523369	 0.00000000	 0.00523369	 0.00000000	 0.00523369	 0.00000000	 0.00523369	]
 [0.00000000	 0.00523369	 0.00000000	 0.00523369	 0.00000000	 0.00523369	 0.00000000	]
 [0.00523369	 0.00000000	 0.00523369	 0.00000000	 0.00523369	 0.00000000	 0.00523369	]
 [0.00000000	 0.00523369	 0.00000000	 0.00523369	 0.00000000	 0.00523369	 0.00000000	]
 [0.00523369	 0.00000000	 0.00523369	 0.00000000	 0.00523369	 0.00000000	 0.00523369	]
 [0.00000000	 0.00523369	 0.00000000	 0.00523369	 0.00000000	 0.00523369	 0.00000000	]]
0.9666274946088208
[[-0.00000000	 0.00000000	 0.00000000	 0.00000000	]
 [23.16330264	 0.00000000	 0.00000000	 0.00000000	]
 [0.00000000	 1.42914560	 0.00000000	 0.00000000	]
 [-0.45159709	 -0.73679562	 0.00000000	 0.00000000	]
 [-0.00000000	 1.34038231	 0.94431463	 0.00000000	]
 [0.54551567	 -0.33846960	 -1.35081341	 0.00000000	]
 [0.00000000	 1.32079976	 0.83372054	 0.59695616	]]

ANS:
0.9666274946088208
w:
[0.00000000      2.72499253      1.22032092      1.10544172     ]
A:
[[0.00000000     0.00000000      0.00000000      0.00000000      0.00000000      0.00000000     ]
 [0.21048821     0.00000000      0.00000000      0.00000000      0.00000000      0.00000000     ]
 [0.13408711     0.00000000      0.24902967      -0.00000000     0.00000000      0.00000000     ]
 [0.07076700     0.00000000      0.12535114      -0.00000000     0.45589184      -0.00000000    ]]








3
0.034985784188786735
[0, 2, 4, 6]
[0.00000000	 0.04659867	 0.00000000	 0.56104511	 0.00000000	 0.07197003	]
[[0.07379947	 -0.17064252	 0.07379947	 -0.17064252	 0.07379947	 -0.17064252	 0.07379947	]
 [-0.17064252	 1.02396952	 -0.17064252	 1.02396952	 -0.17064252	 1.02396952	 -0.17064252	]
 [0.07379947	 -0.17064252	 0.07379947	 -0.17064252	 0.07379947	 -0.17064252	 0.07379947	]
 [-0.17064252	 1.02396952	 -0.17064252	 1.02396952	 -0.17064252	 1.02396952	 -0.17064252	]
 [0.07379947	 -0.17064252	 0.07379947	 -0.17064252	 0.07379947	 -0.17064252	 0.07379947	]
 [-0.17064252	 1.02396952	 -0.17064252	 1.02396952	 -0.17064252	 1.02396952	 -0.17064252	]
 [0.07379947	 -0.17064252	 0.07379947	 -0.17064252	 0.07379947	 -0.17064252	 0.07379947	]]
[[0.00000000	 0.01380491	 0.00000000	 0.01380491	 0.00000000	 0.01380491	 0.00000000	]
 [0.01380491	 0.00000000	 0.01380491	 0.00000000	 0.01380491	 0.00000000	 0.01380491	]
 [0.00000000	 0.01380491	 0.00000000	 0.01380491	 0.00000000	 0.01380491	 0.00000000	]
 [0.01380491	 0.00000000	 0.01380491	 0.00000000	 0.01380491	 0.00000000	 0.01380491	]
 [0.00000000	 0.01380491	 0.00000000	 0.01380491	 0.00000000	 0.01380491	 0.00000000	]
 [0.01380491	 0.00000000	 0.01380491	 0.00000000	 0.01380491	 0.00000000	 0.01380491	]
 [0.00000000	 0.01380491	 0.00000000	 0.01380491	 0.00000000	 0.01380491	 0.00000000	]]
0.02223502285283007
[[1.00622403	 0.00000000	 0.00000000	 0.00000000	]
 [0.00000000	 0.00000000	 0.00000000	 0.00000000	]
 [0.28731190	 0.39341481	 0.00000000	 0.00000000	]
 [0.00000000	 -0.44357650	 0.00000000	 0.00000000	]
 [-0.13449735	 0.00517282	 0.81985127	 0.00000000	]
 [-0.00000000	 -0.25349619	 -0.63155912	 0.00000000	]
 [0.00000000	 0.09339866	 0.15204064	 0.05609026	]]
 
ANS:
0.02223502285283007
w:
[0.00000000      1.24420819      0.07706810      1.31982700     ]
A:
[[0.00000000     0.00000000      0.00000000      0.00000000      0.00000000      0.00000000     ]
 [0.00000000     -0.00745796     0.00000000      0.00000000      0.00000000      0.00000000     ]
 [0.00000000     -0.00475565     0.00000000      -0.06547038     0.00000000      0.00000000     ]
 [0.00000000     -0.00448526     0.00000000      -0.06230430     0.00000000      -0.01110117    ]]












3
0.4332799569612274
[0, 2, 4, 6]
[0.72104082	 5.84080241	 0.00000000	 0.07527381	 0.00000000	 0.08558979	]
[[0.00000000	 0.00000000	 0.00000000	 0.00000000	 0.00000000	 0.00000000	 0.00000000	]
 [0.00000000	 0.00000000	 0.00000000	 0.00000000	 0.00000000	 0.00000000	 0.00000000	]
 [0.00000000	 0.00000000	 0.00000000	 0.00000000	 0.00000000	 0.00000000	 0.00000000	]
 [0.00000000	 0.00000000	 0.00000000	 0.00000000	 0.00000000	 0.00000000	 0.00000000	]
 [0.00000000	 0.00000000	 0.00000000	 0.00000000	 0.00000000	 0.00000000	 0.00000000	]
 [0.00000000	 0.00000000	 0.00000000	 0.00000000	 0.00000000	 0.00000000	 0.00000000	]
 [0.00000000	 0.00000000	 0.00000000	 0.00000000	 0.00000000	 0.00000000	 0.00000000	]]
[[0.00000000	 0.00000000	 0.00000000	 0.00000000	 0.00000000	 0.00000000	 0.00000000	]
 [0.00000000	 0.00000000	 0.00000000	 0.00000000	 0.00000000	 0.00000000	 0.00000000	]
 [0.00000000	 0.00000000	 0.00000000	 0.00000000	 0.00000000	 0.00000000	 0.00000000	]
 [0.00000000	 0.00000000	 0.00000000	 0.00000000	 0.00000000	 0.00000000	 0.00000000	]
 [0.00000000	 0.00000000	 0.00000000	 0.00000000	 0.00000000	 0.00000000	 0.00000000	]
 [0.00000000	 0.00000000	 0.00000000	 0.00000000	 0.00000000	 0.00000000	 0.00000000	]
 [0.00000000	 0.00000000	 0.00000000	 0.00000000	 0.00000000	 0.00000000	 0.00000000	]]
0.16707004280334872
[[-0.88009580	 0.00000000	 0.00000000	 0.00000000	]
 [0.84574642	 0.00000000	 0.00000000	 0.00000000	]
 [-1.32794056	 -1.41322380	 0.00000000	 0.00000000	]
 [0.56352555	 1.04100184	 0.00000000	 0.00000000	]
 [0.59866261	 0.91806240	 0.33978746	 0.00000000	]
 [0.55930614	 1.01119829	 0.27693964	 0.00000000	]
 [0.45767596	 0.44529150	 0.11440240	 0.11153584	]]

ANS:
0.16707004280334872
w:
[0.00000000      0.08947983      0.09493404      1.17246250     ]
A:
[[0.00000000     0.00000000      0.00000000      0.00000000      0.00000000      0.00000000     ]
 [-0.04577995    0.37345504      0.00000000      0.00000000      0.00000000      0.00000000     ]
 [-0.04506507    0.36621431      -0.00000000     0.02414945      0.00000000      0.00000000     ]
 [-0.04430573    0.35859624      -0.00000000     0.02288874      0.00000000      0.02707596     ]]
r2:      0.4332799569612274
K:       0.0
X / XN:
[-1.92296714     1.84791527      1.23127623      1.22205714     ]













3
0.4442759046796294
[0, 2, 4, 6]
[0.72123320	 2.60417563	 0.92918583	 7.44219723	 15.42916962	 0.63353064	]
[[0.00000000	 0.00000000	 0.00000000	 0.00000000	 0.00000000	 0.00000000	 0.00000000	]
 [0.00000000	 0.00000000	 0.00000000	 0.00000000	 0.00000000	 0.00000000	 0.00000000	]
 [0.00000000	 0.00000000	 0.00000000	 0.00000000	 0.00000000	 0.00000000	 0.00000000	]
 [0.00000000	 0.00000000	 0.00000000	 0.00000000	 0.00000000	 0.00000000	 0.00000000	]
 [0.00000000	 0.00000000	 0.00000000	 0.00000000	 0.00000000	 0.00000000	 0.00000000	]
 [0.00000000	 0.00000000	 0.00000000	 0.00000000	 0.00000000	 0.00000000	 0.00000000	]
 [0.00000000	 0.00000000	 0.00000000	 0.00000000	 0.00000000	 0.00000000	 0.00000000	]]
[[0.00000000	 0.00000000	 0.00000000	 0.00000000	 0.00000000	 0.00000000	 0.00000000	]
 [0.00000000	 0.00000000	 0.00000000	 0.00000000	 0.00000000	 0.00000000	 0.00000000	]
 [0.00000000	 0.00000000	 0.00000000	 0.00000000	 0.00000000	 0.00000000	 0.00000000	]
 [0.00000000	 0.00000000	 0.00000000	 0.00000000	 0.00000000	 0.00000000	 0.00000000	]
 [0.00000000	 0.00000000	 0.00000000	 0.00000000	 0.00000000	 0.00000000	 0.00000000	]
 [0.00000000	 0.00000000	 0.00000000	 0.00000000	 0.00000000	 0.00000000	 0.00000000	]
 [0.00000000	 0.00000000	 0.00000000	 0.00000000	 0.00000000	 0.00000000	 0.00000000	]]
0.28158663237732906
[[-0.89550494	 0.00000000	 0.00000000	 0.00000000	]
 [0.87527335	 0.00000000	 0.00000000	 0.00000000	]
 [-0.36392197	 -0.77901054	 0.00000000	 0.00000000	]
 [0.42305265	 0.70740592	 0.00000000	 0.00000000	]
 [0.31966364	 0.45447705	 0.60311790	 0.00000000	]
 [-0.15203490	 -0.32582913	 -0.80073287	 0.00000000	]
 [0.27761796	 0.38317774	 0.38893714	 0.26288190	]]

ANS:
0.28158663237732906
w:
[0.00000000      1.05109675      0.53442112      0.71485677     ]
A:
[[0.00000000     0.00000000      0.00000000      0.00000000      0.00000000      0.00000000     ]
 [-0.04142653    0.15219783      0.00000000      0.00000000      0.00000000      0.00000000     ]
 [-0.01885711    0.06003197      -0.04673206     0.38756425      0.00000000      0.00000000     ]
 [-0.00912734    0.02638327      -0.02090974     0.14314201      0.56273772      -0.02310634    ]]
r2:      0.4442759046796294
K:       0.0
X / XN:
[-3.22567363     3.15279799      -1.31087330     1.52386629      1.15145158      -0.54764072    ]









3
4.506725959599274
[0, 2, 4, 6]
[0.08829324	 0.00000000	 0.17854878	 0.00000000	 0.11354350	 0.00000000	]
[[1.76258659	 1.76258659	 1.76258659	 1.76258659	 1.76258659	 1.76258659	 1.76258659	]
 [1.76258659	 1.76258659	 1.76258659	 1.76258659	 1.76258659	 1.76258659	 1.76258659	]
 [1.76258659	 1.76258659	 1.76258659	 1.76258659	 1.76258659	 1.76258659	 1.76258659	]
 [1.76258659	 1.76258659	 1.76258659	 1.76258659	 1.76258659	 1.76258659	 1.76258659	]
 [1.76258659	 1.76258659	 1.76258659	 1.76258659	 1.76258659	 1.76258659	 1.76258659	]
 [1.76258659	 1.76258659	 1.76258659	 1.76258659	 1.76258659	 1.76258659	 1.76258659	]
 [1.76258659	 1.76258659	 1.76258659	 1.76258659	 1.76258659	 1.76258659	 1.76258659	]]
[[0.00000000	 0.20747017	 0.00000000	 0.20747017	 0.00000000	 0.20747017	 0.00000000	]
 [0.20747017	 0.00000000	 0.20747017	 0.00000000	 0.20747017	 0.00000000	 0.20747017	]
 [0.00000000	 0.20747017	 0.00000000	 0.20747017	 0.00000000	 0.20747017	 0.00000000	]
 [0.20747017	 0.00000000	 0.20747017	 0.00000000	 0.20747017	 0.00000000	 0.20747017	]
 [0.00000000	 0.20747017	 0.00000000	 0.20747017	 0.00000000	 0.20747017	 0.00000000	]
 [0.20747017	 0.00000000	 0.20747017	 0.00000000	 0.20747017	 0.00000000	 0.20747017	]
 [0.00000000	 0.20747017	 0.00000000	 0.20747017	 0.00000000	 0.20747017	 0.00000000	]]
0.4497692887919607
[[1.24353238	 0.00000000	 0.00000000	 0.00000000	]
 [12.54448913	 0.00000000	 0.00000000	 0.00000000	]
 [1.36633769	 1.18952799	 0.00000000	 0.00000000	]
 [12.53837828	 -2.97427101	 0.00000000	 0.00000000	]
 [1.38287034	 1.19151294	 0.94404257	 0.00000000	]
 [1.11947082	 0.98342678	 0.86522465	 0.00000000	]
 [1.39181832	 1.19229217	 0.88845435	 0.59887893	]]

ANS:
0.4497692887919607
w:
[0.00000000      9.51992425      1.64749212      2.39552600     ]
A:
[[0.00000000     0.00000000      0.00000000      0.00000000      0.00000000      0.00000000     ]
 [0.02487576     0.00000000      0.00000000      0.00000000      0.00000000      0.00000000     ]
 [0.02105928     0.00000000      0.08550870      0.00000000      0.00000000      0.00000000     ]
 [0.01913390     0.00000000      0.07771928      0.00000000      0.08008090      0.00000000     ]]
r2:      4.506725959599274
K:       1.7625865853473603
X / XN:
[0.89345888      0.98169260      0.99357102     ]












3
2.4315499525865776
[0, 2, 4, 6]
[0.00000000	 1.28864000	 1.80427073	 0.00000000	 2.33481577	 0.00000000	]
[[2.10756628	 2.10756628	 2.10756628	 2.10756628	 2.10756628	 2.10756628	 2.10756628	]
 [2.10756628	 2.10756628	 2.10756628	 2.10756628	 2.10756628	 2.10756628	 2.10756628	]
 [2.10756628	 2.10756628	 2.10756628	 2.10756628	 2.10756628	 2.10756628	 2.10756628	]
 [2.10756628	 2.10756628	 2.10756628	 2.10756628	 2.10756628	 2.10756628	 2.10756628	]
 [2.10756628	 2.10756628	 2.10756628	 2.10756628	 2.10756628	 2.10756628	 2.10756628	]
 [2.10756628	 2.10756628	 2.10756628	 2.10756628	 2.10756628	 2.10756628	 2.10756628	]
 [2.10756628	 2.10756628	 2.10756628	 2.10756628	 2.10756628	 2.10756628	 2.10756628	]]
[[0.00000000	 0.49637054	 0.00000000	 0.49637054	 0.00000000	 0.49637054	 0.00000000	]
 [0.49637054	 0.00000000	 0.49637054	 0.00000000	 0.49637054	 0.00000000	 0.49637054	]
 [0.00000000	 0.49637054	 0.00000000	 0.49637054	 0.00000000	 0.49637054	 0.00000000	]
 [0.49637054	 0.00000000	 0.49637054	 0.00000000	 0.49637054	 0.00000000	 0.49637054	]
 [0.00000000	 0.49637054	 0.00000000	 0.49637054	 0.00000000	 0.49637054	 0.00000000	]
 [0.49637054	 0.00000000	 0.49637054	 0.00000000	 0.49637054	 0.00000000	 0.49637054	]
 [0.00000000	 0.49637054	 0.00000000	 0.49637054	 0.00000000	 0.49637054	 0.00000000	]]
1.1240779794007676
[[-3.31564056	 0.00000000	 0.00000000	 0.00000000	]
 [-0.00000005	 0.00000000	 0.00000000	 0.00000000	]
 [0.00000003	 1.25625036	 0.00000000	 0.00000000	]
 [3.56164544	 13.54832737	 0.00000000	 0.00000000	]
 [0.00000004	 1.21249010	 0.96391699	 0.00000000	]
 [-2.14630676	 1.10613214	 4.56578044	 0.00000000	]
 [0.00000000	 1.20722820	 0.82967095	 0.53459903	]]

ANS:
1.1240779794007676
w:
[0.00000000      1.47271971      0.85268881      0.95538095     ]
A:
[[0.00000000     0.00000000      0.00000000      0.00000000      0.00000000      0.00000000     ]
 [0.00000000     0.21669313      0.00000000      0.00000000      0.00000000      0.00000000     ]
 [0.00000000     0.09081850      0.37912540      -0.00000000     0.00000000      0.00000000     ]
 [0.00000000     0.04352316      0.17820152      -0.00000000     0.51768760      0.00000000     ]]
r2:      2.4315499525865776
K:       2.107566279342668
X / XN:
[0.60022931      1.00849479      1.00091181     ]










2
0.07911870630963322
[0, 2, 4]
[0.36352217	 5.52946087	 0.00000000	 0.98309456	]
[[0.01366706	 0.01366706	 0.01366706	 0.01366706	 0.01366706	]
 [0.01366706	 0.01366706	 0.01366706	 0.01366706	 0.01366706	]
 [0.01366706	 0.01366706	 0.01366706	 0.01366706	 0.01366706	]
 [0.01366706	 0.01366706	 0.01366706	 0.01366706	 0.01366706	]
 [0.01366706	 0.01366706	 0.01366706	 0.01366706	 0.01366706	]]
[[0.00000000	 0.00000000	 0.00000000	 0.00000000	 0.00000000	]
 [0.00000000	 0.00000000	 0.00000000	 0.00000000	 0.00000000	]
 [0.00000000	 0.00000000	 0.00000000	 0.00000000	 0.00000000	]
 [0.00000000	 0.00000000	 0.00000000	 0.00000000	 0.00000000	]
 [0.00000000	 0.00000000	 0.00000000	 0.00000000	 0.00000000	]]
0.039859447527985606
[[-1.09335693	 0.00000000	 0.00000000	]
 [0.65335541	 0.00000000	 0.00000000	]
 [-0.28894182	 -1.36969871	 0.00000000	]
 [0.32679434	 0.85341612	 0.00000000	]
 [0.16494426	 0.19774566	 0.11317575	]]
 
ANS:
0.039859447527985606
w:
[0.00000000      0.44756316      0.99881041     ]
A:
[[0.00000000     0.00000000      0.00000000      0.00000000     ]
 [-0.01170686    0.17940656      0.00000000      0.00000000     ]
 [-0.01038600    0.15730054      -0.00000000     0.09086067     ]]
r2:      0.07911870630963322
K:       0.013667059290852487
X / XN:
[-6.62864507     3.96106797      1.98124112     ]























2
0.199873114744491
[0, 2, 4]
[1.81203704	 38.47086215	 0.80639307	 53.78818677	]
[[0.47334429	 0.47334429	 0.47334429	 0.47334429	 0.47334429	]
 [0.47334429	 0.47334429	 0.47334429	 0.47334429	 0.47334429	]
 [0.47334429	 0.47334429	 0.47334429	 0.47334429	 0.47334429	]
 [0.47334429	 0.47334429	 0.47334429	 0.47334429	 0.47334429	]
 [0.47334429	 0.47334429	 0.47334429	 0.47334429	 0.47334429	]]
[[0.00000000	 0.00000000	 0.00000000	 0.00000000	 0.00000000	]
 [0.00000000	 0.00000000	 0.00000000	 0.00000000	 0.00000000	]
 [0.00000000	 0.00000000	 0.00000000	 0.00000000	 0.00000000	]
 [0.00000000	 0.00000000	 0.00000000	 0.00000000	 0.00000000	]
 [0.00000000	 0.00000000	 0.00000000	 0.00000000	 0.00000000	]]
0.31972718759197133
[[0.00000007	 0.00000000	 0.00000000	]
 [-0.00000000	 0.00000000	 0.00000000	]
 [0.00000002	 -1.06941190	 0.00000000	]
 [-0.00000000	 0.52233907	 0.00000000	]
 [0.00000000	 0.40202727	 0.19556888	]]

ANS:
0.31972718759197133
w:
[0.00000000      0.15758516      0.50488832     ]
A:
[[0.00000000     0.00000000      0.00000000      0.00000000     ]
 [0.03867632     0.82112636      0.00000000      0.00000000     ]
 [0.01172680     0.24896848      -0.01094065     0.72976531     ]]
r2:      0.199873114744491
K:       0.47334428743760476
X / XN:
[1.02680775      1.02680775      0.99710583      1.00023664     ]









2
0.199873114744491
94.8774790431638
[0, 2, 4]
[0.49514268	 33.03214345	 60.88379776	 0.46639515	]
[[1.00000000	 1.00000000	 1.00000000	 1.00000000	 1.00000000	]
 [1.00000000	 1.00000000	 1.00000000	 1.00000000	 1.00000000	]
 [1.00000000	 1.00000000	 1.00000000	 1.00000000	 1.00000000	]
 [1.00000000	 1.00000000	 1.00000000	 1.00000000	 1.00000000	]
 [1.00000000	 1.00000000	 1.00000000	 1.00000000	 1.00000000	]]
[[0.00000000	 0.00000000	 0.00000000	 0.00000000	 0.00000000	]
 [0.00000000	 0.00000000	 0.00000000	 0.00000000	 0.00000000	]
 [0.00000000	 0.00000000	 0.00000000	 0.00000000	 0.00000000	]
 [0.00000000	 0.00000000	 0.00000000	 0.00000000	 0.00000000	]
 [0.00000000	 0.00000000	 0.00000000	 0.00000000	 0.00000000	]]
0.4376787123921345
[[0.00000008	 0.00000000	 0.00000000	]
 [-0.00000000	 0.00000000	 0.00000000	]
 [-0.00000000	 0.51452443	 0.00000000	]
 [-0.00000000	 -1.11618495	 0.00000000	]
 [0.00000000	 0.41664649	 0.16210742	]]

ANS:
0.4376787123921345
w:
[0.00000000      0.07003552      0.39721699     ]
A:
[[0.00000000     0.00000000      0.00000000      0.00000000     ]
 [0.01297675     0.86570997      0.00000000      0.00000000     ]
 [0.00323438     0.21577305      0.77915744      -0.00596867    ]]
r2:      0.199873114744491
K:       1.0
X / XN:
[1.00000000      1.00000000      1.00000000      1.00000000     ]
















3
0.542196070226454
121.8151493626525
[0, 2, 4, 6]
[25.01594905	 0.08726226	 42.08143634	 0.01256052	 1.05628659	 53.56165461	]
[[1.00000000	 1.00000000	 1.00000000	 1.00000000	 1.00000000	 1.00000000	 1.00000000	]
 [1.00000000	 1.00000000	 1.00000000	 1.00000000	 1.00000000	 1.00000000	 1.00000000	]
 [1.00000000	 1.00000000	 1.00000000	 1.00000000	 1.00000000	 1.00000000	 1.00000000	]
 [1.00000000	 1.00000000	 1.00000000	 1.00000000	 1.00000000	 1.00000000	 1.00000000	]
 [1.00000000	 1.00000000	 1.00000000	 1.00000000	 1.00000000	 1.00000000	 1.00000000	]
 [1.00000000	 1.00000000	 1.00000000	 1.00000000	 1.00000000	 1.00000000	 1.00000000	]
 [1.00000000	 1.00000000	 1.00000000	 1.00000000	 1.00000000	 1.00000000	 1.00000000	]]
[[0.00000000	 0.00000000	 0.00000000	 0.00000000	 0.00000000	 0.00000000	 0.00000000	]
 [0.00000000	 0.00000000	 0.00000000	 0.00000000	 0.00000000	 0.00000000	 0.00000000	]
 [0.00000000	 0.00000000	 0.00000000	 0.00000000	 0.00000000	 0.00000000	 0.00000000	]
 [0.00000000	 0.00000000	 0.00000000	 0.00000000	 0.00000000	 0.00000000	 0.00000000	]
 [0.00000000	 0.00000000	 0.00000000	 0.00000000	 0.00000000	 0.00000000	 0.00000000	]
 [0.00000000	 0.00000000	 0.00000000	 0.00000000	 0.00000000	 0.00000000	 0.00000000	]
 [0.00000000	 0.00000000	 0.00000000	 0.00000000	 0.00000000	 0.00000000	 0.00000000	]]
0.7128436065820564
[[0.00000000	 0.00000000	 0.00000000	 0.00000000	]
 [0.00000002	 0.00000000	 0.00000000	 0.00000000	]
 [0.00000000	 0.68316169	 0.00000000	 0.00000000	]
 [0.00000291	 0.68316223	 0.00000000	 0.00000000	]
 [0.00000000	 0.50288016	 -1.05506489	 0.00000000	]
 [0.00000000	 0.61363097	 0.50431246	 0.00000000	]
 [0.00000000	 0.60798511	 0.36960291	 0.18958865	]]

ANS:
0.7128436065820564
w:
[0.00000000      0.09537970      0.18788190      0.52977791     ]
A:
[[0.00000000     0.00000000      0.00000000      0.00000000      0.00000000      0.00000000 ]
 [0.73078002     0.00254915      0.00000000      0.00000000      0.00000000      0.00000000 ]
 [0.12822028     0.00044727      0.79376551      0.00023692      0.00000000      0.00000000 ]
 [0.04975521     0.00017356      0.26856605      0.00008016      -0.01364662     0.69198625 ]]
r2:      0.542196070226454
K:       1.0
X / XN:
[1.00000000      1.00000000      1.00000000      1.00000000      1.00000000      1.00000000 ]










5
0.542196070226454
121.8151493626525
[0, 2, 4, 6, 8, 10]
[11.95556937	 0.00000020	 18.99704398	 0.00000000	 22.65980250	 3.84332309	 0.00000941	 33.90758971	 0.00000000	 30.45181111	]
[[1.00000000	 1.00000000	 1.00000000	 1.00000000	 1.00000000	 1.00000000	 1.00000000	 1.00000000	 1.00000000	 1.00000000	 1.00000000	]
 [1.00000000	 1.00000000	 1.00000000	 1.00000000	 1.00000000	 1.00000000	 1.00000000	 1.00000000	 1.00000000	 1.00000000	 1.00000000	]
 [1.00000000	 1.00000000	 1.00000000	 1.00000000	 1.00000000	 1.00000000	 1.00000000	 1.00000000	 1.00000000	 1.00000000	 1.00000000	]
 [1.00000000	 1.00000000	 1.00000000	 1.00000000	 1.00000000	 1.00000000	 1.00000000	 1.00000000	 1.00000000	 1.00000000	 1.00000000	]
 [1.00000000	 1.00000000	 1.00000000	 1.00000000	 1.00000000	 1.00000000	 1.00000000	 1.00000000	 1.00000000	 1.00000000	 1.00000000	]
 [1.00000000	 1.00000000	 1.00000000	 1.00000000	 1.00000000	 1.00000000	 1.00000000	 1.00000000	 1.00000000	 1.00000000	 1.00000000	]
 [1.00000000	 1.00000000	 1.00000000	 1.00000000	 1.00000000	 1.00000000	 1.00000000	 1.00000000	 1.00000000	 1.00000000	 1.00000000	]
 [1.00000000	 1.00000000	 1.00000000	 1.00000000	 1.00000000	 1.00000000	 1.00000000	 1.00000000	 1.00000000	 1.00000000	 1.00000000	]
 [1.00000000	 1.00000000	 1.00000000	 1.00000000	 1.00000000	 1.00000000	 1.00000000	 1.00000000	 1.00000000	 1.00000000	 1.00000000	]
 [1.00000000	 1.00000000	 1.00000000	 1.00000000	 1.00000000	 1.00000000	 1.00000000	 1.00000000	 1.00000000	 1.00000000	 1.00000000	]
 [1.00000000	 1.00000000	 1.00000000	 1.00000000	 1.00000000	 1.00000000	 1.00000000	 1.00000000	 1.00000000	 1.00000000	 1.00000000	]]
[[0.00000000	 0.00000000	 0.00000000	 0.00000000	 0.00000000	 0.00000000	 0.00000000	 0.00000000	 0.00000000	 0.00000000	 0.00000000	]
 [0.00000000	 0.00000000	 0.00000000	 0.00000000	 0.00000000	 0.00000000	 0.00000000	 0.00000000	 0.00000000	 0.00000000	 0.00000000	]
 [0.00000000	 0.00000000	 0.00000000	 0.00000000	 0.00000000	 0.00000000	 0.00000000	 0.00000000	 0.00000000	 0.00000000	 0.00000000	]
 [0.00000000	 0.00000000	 0.00000000	 0.00000000	 0.00000000	 0.00000000	 0.00000000	 0.00000000	 0.00000000	 0.00000000	 0.00000000	]
 [0.00000000	 0.00000000	 0.00000000	 0.00000000	 0.00000000	 0.00000000	 0.00000000	 0.00000000	 0.00000000	 0.00000000	 0.00000000	]
 [0.00000000	 0.00000000	 0.00000000	 0.00000000	 0.00000000	 0.00000000	 0.00000000	 0.00000000	 0.00000000	 0.00000000	 0.00000000	]
 [0.00000000	 0.00000000	 0.00000000	 0.00000000	 0.00000000	 0.00000000	 0.00000000	 0.00000000	 0.00000000	 0.00000000	 0.00000000	]
 [0.00000000	 0.00000000	 0.00000000	 0.00000000	 0.00000000	 0.00000000	 0.00000000	 0.00000000	 0.00000000	 0.00000000	 0.00000000	]
 [0.00000000	 0.00000000	 0.00000000	 0.00000000	 0.00000000	 0.00000000	 0.00000000	 0.00000000	 0.00000000	 0.00000000	 0.00000000	]
 [0.00000000	 0.00000000	 0.00000000	 0.00000000	 0.00000000	 0.00000000	 0.00000000	 0.00000000	 0.00000000	 0.00000000	 0.00000000	]
 [0.00000000	 0.00000000	 0.00000000	 0.00000000	 0.00000000	 0.00000000	 0.00000000	 0.00000000	 0.00000000	 0.00000000	 0.00000000	]]
0.7274014493708831
[[-0.00000001	 0.00000000	 0.00000000	 0.00000000	 0.00000000	 0.00000000	]
 [8.56607892	 0.00000000	 0.00000000	 0.00000000	 0.00000000	 0.00000000	]
 [-0.00000002	 0.67407363	 0.00000000	 0.00000000	 0.00000000	 0.00000000	]
 [-0.93463776	 1.38086297	 0.00000000	 0.00000000	 0.00000000	 0.00000000	]
 [0.00000001	 0.57471933	 0.50284983	 0.00000000	 0.00000000	 0.00000000	]
 [-0.00000017	 0.57471941	 0.50284970	 0.00000000	 0.00000000	 0.00000000	]
 [-0.33069660	 0.36868416	 -0.45447574	 -0.88104863	 0.00000000	 0.00000000	]
 [-0.00000001	 0.56642228	 0.38319452	 0.41103008	 0.00000000	 0.00000000	]
 [-1.26470675	 1.26867784	 1.21842922	 0.02285110	 0.62035782	 0.00000000	]
 [-0.00000000	 0.56497561	 0.36968213	 0.28980028	 0.38580081	 0.00000000	]
 [0.00000000	 0.56374749	 0.35994786	 0.24753642	 0.16243627	 0.08463184	]]
 
ANS:
0.7274014493708831
w:
[0.00000000      0.01930822      0.03865314      0.07157193      0.14385538      0.49620967     ]
A:
[[0.00000000     0.00000000      0.00000000      0.00000000      0.00000000      0.00000000      0.00000000      0.00000000      0.00000000      0.00000000     ]
 [0.70368352     0.00000000      0.00000000      0.00000000      0.00000000      0.00000000      0.00000000      0.00000000      0.00000000      0.00000000     ]
 [0.18739344     0.00000000      0.70217660      0.00000000      0.00000000      0.00000000      0.00000000      0.00000000      0.00000000      0.00000000     ]
 [0.07591310     0.00000000      0.25103739      0.00000000      0.54962536      0.09322181      0.00000000      0.00000000      0.00000000      0.00000000     ]
 [0.04037690     0.00000000      0.12991006      0.00000000      0.23857310      0.04046432      -0.00000016     0.55928993      0.00000000      0.00000000     ]
 [0.02901003     0.00000000      0.09263657      0.00000000      0.16332772      0.02770197      -0.00000009     0.32180516      0.00000000      0.39581240     ]]
r2:      0.542196070226454
K:       1.0
X / XN:
[1.00000000      1.00000000      1.00000000      1.00062885      1.00000000      1.00000000      1.00000000      1.00000000      0.98871620      1.00000000     ]












5
0.3712384837530017
74.90240821112518
[0, 2, 4, 6, 8, 10]
[0.00000000	 16.35452772	 0.00000000	 11.89704924	 13.51128432	 0.00000000	 0.00000000	 16.30112770	 0.00000000	 16.83841923	]
[[0.11737459	 0.11737459	 0.11737459	 0.11737459	 0.11737459	 0.11737459	 0.11737459	 0.11737459	 0.11737459	 0.11737459	 0.11737459	]
 [0.11737459	 0.11737459	 0.11737459	 0.11737459	 0.11737459	 0.11737459	 0.11737459	 0.11737459	 0.11737459	 0.11737459	 0.11737459	]
 [0.11737459	 0.11737459	 0.11737459	 0.11737459	 0.11737459	 0.11737459	 0.11737459	 0.11737459	 0.11737459	 0.11737459	 0.11737459	]
 [0.11737459	 0.11737459	 0.11737459	 0.11737459	 0.11737459	 0.11737459	 0.11737459	 0.11737459	 0.11737459	 0.11737459	 0.11737459	]
 [0.11737459	 0.11737459	 0.11737459	 0.11737459	 0.11737459	 0.11737459	 0.11737459	 0.11737459	 0.11737459	 0.11737459	 0.11737459	]
 [0.11737459	 0.11737459	 0.11737459	 0.11737459	 0.11737459	 0.11737459	 0.11737459	 0.11737459	 0.11737459	 0.11737459	 0.11737459	]
 [0.11737459	 0.11737459	 0.11737459	 0.11737459	 0.11737459	 0.11737459	 0.11737459	 0.11737459	 0.11737459	 0.11737459	 0.11737459	]
 [0.11737459	 0.11737459	 0.11737459	 0.11737459	 0.11737459	 0.11737459	 0.11737459	 0.11737459	 0.11737459	 0.11737459	 0.11737459	]
 [0.11737459	 0.11737459	 0.11737459	 0.11737459	 0.11737459	 0.11737459	 0.11737459	 0.11737459	 0.11737459	 0.11737459	 0.11737459	]
 [0.11737459	 0.11737459	 0.11737459	 0.11737459	 0.11737459	 0.11737459	 0.11737459	 0.11737459	 0.11737459	 0.11737459	 0.11737459	]
 [0.11737459	 0.11737459	 0.11737459	 0.11737459	 0.11737459	 0.11737459	 0.11737459	 0.11737459	 0.11737459	 0.11737459	 0.11737459	]]
[[0.00000000	 0.00000000	 0.00000000	 0.00000000	 0.00000000	 0.00000000	 0.00000000	 0.00000000	 0.00000000	 0.00000000	 0.00000000	]
 [0.00000000	 0.00000000	 0.00000000	 0.00000000	 0.00000000	 0.00000000	 0.00000000	 0.00000000	 0.00000000	 0.00000000	 0.00000000	]
 [0.00000000	 0.00000000	 0.00000000	 0.00000000	 0.00000000	 0.00000000	 0.00000000	 0.00000000	 0.00000000	 0.00000000	 0.00000000	]
 [0.00000000	 0.00000000	 0.00000000	 0.00000000	 0.00000000	 0.00000000	 0.00000000	 0.00000000	 0.00000000	 0.00000000	 0.00000000	]
 [0.00000000	 0.00000000	 0.00000000	 0.00000000	 0.00000000	 0.00000000	 0.00000000	 0.00000000	 0.00000000	 0.00000000	 0.00000000	]
 [0.00000000	 0.00000000	 0.00000000	 0.00000000	 0.00000000	 0.00000000	 0.00000000	 0.00000000	 0.00000000	 0.00000000	 0.00000000	]
 [0.00000000	 0.00000000	 0.00000000	 0.00000000	 0.00000000	 0.00000000	 0.00000000	 0.00000000	 0.00000000	 0.00000000	 0.00000000	]
 [0.00000000	 0.00000000	 0.00000000	 0.00000000	 0.00000000	 0.00000000	 0.00000000	 0.00000000	 0.00000000	 0.00000000	 0.00000000	]
 [0.00000000	 0.00000000	 0.00000000	 0.00000000	 0.00000000	 0.00000000	 0.00000000	 0.00000000	 0.00000000	 0.00000000	 0.00000000	]
 [0.00000000	 0.00000000	 0.00000000	 0.00000000	 0.00000000	 0.00000000	 0.00000000	 0.00000000	 0.00000000	 0.00000000	 0.00000000	]
 [0.00000000	 0.00000000	 0.00000000	 0.00000000	 0.00000000	 0.00000000	 0.00000000	 0.00000000	 0.00000000	 0.00000000	 0.00000000	]]
0.34886816594891845
[[12.13805960	 0.00000000	 0.00000000	 0.00000000	 0.00000000	 0.00000000	]
 [-0.00000000	 0.00000000	 0.00000000	 0.00000000	 0.00000000	 0.00000000	]
 [0.99234380	 0.70576439	 0.00000000	 0.00000000	 0.00000000	 0.00000000	]
 [0.00000000	 0.57409601	 0.00000000	 0.00000000	 0.00000000	 0.00000000	]
 [0.00000000	 0.37031809	 0.56024477	 0.00000000	 0.00000000	 0.00000000	]
 [-1.85237059	 -9.02273062	 5.44851884	 0.00000000	 0.00000000	 0.00000000	]
 [-5.75324398	 3.99035861	 4.31656765	 -11.62415150	 0.00000000	 0.00000000	]
 [-0.00000000	 0.34069856	 0.37390820	 0.51421915	 0.00000000	 0.00000000	]
 [-0.99293956	 -10.71961190	 2.07619698	 3.64802253	 -4.39620795	 0.00000000	]
 [0.00000000	 0.33378525	 0.34666225	 0.34981058	 0.48118796	 0.00000000	]
 [0.00000000	 0.32814105	 0.32831885	 0.29307654	 0.22825939	 0.13331339	]]

ANS:
0.34886816594891845
w:
[0.00000000      0.24042909      0.18926377      0.18484759      0.23195233      0.57564935     ]
A:
[[0.00000000     0.00000000      0.00000000      0.00000000      0.00000000      0.00000000      0.00000000      0.00000000      0.00000000      0.00000000     ]
 [0.00000000     0.54610284      0.00000000      0.00000000      0.00000000      0.00000000      0.00000000      0.00000000      0.00000000      0.00000000     ]
 [0.00000000     0.29921823      0.00000000      0.44276666      0.00000000      0.00000000      0.00000000      0.00000000      0.00000000      0.00000000     ]
 [0.00000000     0.17396056      0.00000000      0.21254784      0.48332857      -0.00000000     0.00000000      0.00000000      0.00000000      0.00000000     ]
 [0.00000000     0.10553546      0.00000000      0.12167908      0.22957853      -0.00000000     -0.00000000     0.49764904      0.00000000      0.00000000     ]
 [0.00000000     0.07396701      0.00000000      0.08352227      0.14927968      -0.00000000     -0.00000000     0.26972287      -0.00000000     0.42907099     ]]
r2:      0.3712384837530017
K:       0.11737459083368773
X / XN:
[1.42740414      1.01663132      1.00285199      1.00084913      1.00038166     ]














3
0.11466949886518718
[3.3333333333333335, 3.3333333333333335, 3.3333333333333335]
[0, 2, 4, 6]
[0.000000000	 3.333333333	 0.000000000	 3.333333333	 3.333333333	 0.000000000	]
[[4.239312200	 4.239312200	 4.239312200	 4.239312200	 4.239312200	 4.239312200	 -10.170368049	]
 [4.239312200	 4.239312200	 4.239312200	 4.239312200	 4.239312200	 4.239312200	 -10.170368049	]
 [4.239312200	 4.239312200	 4.239312200	 4.239312200	 4.239312200	 4.239312200	 -10.170368049	]
 [4.239312200	 4.239312200	 4.239312200	 4.239312200	 4.239312200	 4.239312200	 -10.170368049	]
 [4.239312200	 4.239312200	 4.239312200	 4.239312200	 4.239312200	 4.239312200	 -10.170368049	]
 [4.239312200	 4.239312200	 4.239312200	 4.239312200	 4.239312200	 4.239312200	 -10.170368049	]
 [-10.170368049	 -10.170368049	 -10.170368049	 -10.170368049	 -10.170368049	 -10.170368049	 28.436274960	]]
[[0.000000000	 0.000000000	 0.000000000	 0.000000000	 0.000000000	 0.000000000	 0.055743853	]
 [0.000000000	 0.000000000	 0.000000000	 0.000000000	 0.000000000	 0.000000000	 0.055743853	]
 [0.000000000	 0.000000000	 0.000000000	 0.000000000	 0.000000000	 0.000000000	 0.055743853	]
 [0.000000000	 0.000000000	 0.000000000	 0.000000000	 0.000000000	 0.000000000	 0.055743853	]
 [0.000000000	 0.000000000	 0.000000000	 0.000000000	 0.000000000	 0.000000000	 0.055743853	]
 [0.000000000	 0.000000000	 0.000000000	 0.000000000	 0.000000000	 0.000000000	 0.055743853	]
 [0.055743853	 0.055743853	 0.055743853	 0.055743853	 0.055743853	 0.055743853	 0.000000000	]]
1.5639957988241158
[[-42.826062375	 0.000000000	 0.000000000	 0.000000000	]
 [-0.000000003	 0.000000000	 0.000000000	 0.000000000	]
 [-2.495183295	 1.020776064	 0.000000000	 0.000000000	]
 [0.000000009	 -0.166334128	 0.000000000	 0.000000000	]
 [-0.000000007	 -0.161718891	 -0.055859709	 0.000000000	]
 [-0.666778541	 -0.713374414	 1.935299398	 0.000000000	]
 [0.000000000	 0.330504876	 0.063823701	 0.036912883	]]

ANS:
1.5639957988241158
w:
[0.000000000     0.000030330     0.000219979     0.073072044    ]
A:
[[0.000000000    0.000000000     0.000000000     0.000000000     0.000000000     0.000000000    ]
 [0.000000000    -2.115662806    0.000000000     0.000000000     0.000000000     0.000000000    ]
 [0.000000000    -1.080010717    -0.000000000    -1.124388408    0.000000000     0.000000000    ]
 [0.000000000    -0.733290491    -0.000000000    -0.750112126    -0.751307206    -0.000000000   ]]
r2:      0.11466949886518718
K:       28.436274960387387
X / XN:
[-0.548806708    -0.269704218    -0.262360930   ]









3
0.3224433286953503
[3.3333333333333335, 3.3333333333333335, 3.3333333333333335]
[0, 2, 4, 6]
[3.333333333	 0.000000000	 0.210429136	 3.122904197	 3.246763976	 0.086569357	]
[[3.222243975	 3.222243975	 3.222243975	 3.222243975	 3.222243975	 3.222243975	 1.020202478	]
 [3.222243975	 3.222243975	 3.222243975	 3.222243975	 3.222243975	 3.222243975	 1.020202478	]
 [3.222243975	 3.222243975	 3.222243975	 3.222243975	 3.222243975	 3.222243975	 1.020202478	]
 [3.222243975	 3.222243975	 3.222243975	 3.222243975	 3.222243975	 3.222243975	 1.020202478	]
 [3.222243975	 3.222243975	 3.222243975	 3.222243975	 3.222243975	 3.222243975	 1.020202478	]
 [3.222243975	 3.222243975	 3.222243975	 3.222243975	 3.222243975	 3.222243975	 1.020202478	]
 [1.020202478	 1.020202478	 1.020202478	 1.020202478	 1.020202478	 1.020202478	 1.178739795	]]
[[0.000000000	 0.000000000	 0.000000000	 0.000000000	 0.000000000	 0.000000000	 0.198272514	]
 [0.000000000	 0.000000000	 0.000000000	 0.000000000	 0.000000000	 0.000000000	 0.198272514	]
 [0.000000000	 0.000000000	 0.000000000	 0.000000000	 0.000000000	 0.000000000	 0.198272514	]
 [0.000000000	 0.000000000	 0.000000000	 0.000000000	 0.000000000	 0.000000000	 0.198272514	]
 [0.000000000	 0.000000000	 0.000000000	 0.000000000	 0.000000000	 0.000000000	 0.198272514	]
 [0.000000000	 0.000000000	 0.000000000	 0.000000000	 0.000000000	 0.000000000	 0.198272514	]
 [0.198272514	 0.198272514	 0.198272514	 0.198272514	 0.198272514	 0.198272514	 0.000000000	]]
0.34538990303308265
[[0.000000002	 0.000000000	 0.000000000	 0.000000000	]
 [0.346733178	 0.000000000	 0.000000000	 0.000000000	]
 [-0.000000002	 -0.929450333	 0.000000000	 0.000000000	]
 [-0.000000001	 0.875181937	 0.000000000	 0.000000000	]
 [0.000000001	 0.692060515	 0.626282546	 0.000000000	]
 [0.000000011	 -0.666265637	 -0.604685382	 0.000000000	]
 [0.000000000	 0.467383755	 0.278241521	 0.163025797	]]

ANS:
0.34538990303308265
w:
[0.000000000     0.143406746     0.199665415     0.667144753    ]
A:
[[0.000000000    0.000000000     0.000000000     0.000000000     0.000000000     0.000000000    ]
 [0.246518354    0.000000000     0.000000000     0.000000000     0.000000000     0.000000000    ]
 [0.056896212    0.000000000     -0.016231129    0.319454768     0.000000000     0.000000000    ]
 [-0.017684238   -0.000000000    -0.014455493    0.181234060     0.277564344     -0.007400774   ]]
r2:      0.3224433286953503
K:       1.1787397950318441
X / XN:
[2.295502069     -1.943681987    1.776341921     1.591162806     -1.708828731   ]











4
0.14929238695408886
[2.5, 2.5, 2.5, 2.5]
[0, 3, 6, 9, 12, 13]
[0.517727554	 1.978297229	 0.003975217	 0.000195992	 0.000010892	 2.499793117	 0.514006145	 1.948454137	 0.037539718	 0.000000000	 0.000000000	 2.500000000	]
[[0.618076731	 0.618076731	 0.618076731	 0.475030199	 0.475030199	 0.475030199	 0.225319467	 0.225319467	 0.225319467	 -0.042078881	 -0.042078881	 -0.042078881	 0.089116246	]
 [0.618076731	 0.618076731	 0.618076731	 0.475030199	 0.475030199	 0.475030199	 0.225319467	 0.225319467	 0.225319467	 -0.042078881	 -0.042078881	 -0.042078881	 0.089116246	]
 [0.618076731	 0.618076731	 0.618076731	 0.475030199	 0.475030199	 0.475030199	 0.225319467	 0.225319467	 0.225319467	 -0.042078881	 -0.042078881	 -0.042078881	 0.089116246	]
 [0.475030199	 0.475030199	 0.475030199	 1.978440276	 1.978440276	 1.978440276	 -0.277270317	 -0.277270317	 -0.277270317	 1.418913703	 1.418913703	 1.418913703	 1.223327491	]
 [0.475030199	 0.475030199	 0.475030199	 1.978440276	 1.978440276	 1.978440276	 -0.277270317	 -0.277270317	 -0.277270317	 1.418913703	 1.418913703	 1.418913703	 1.223327491	]
 [0.475030199	 0.475030199	 0.475030199	 1.978440276	 1.978440276	 1.978440276	 -0.277270317	 -0.277270317	 -0.277270317	 1.418913703	 1.418913703	 1.418913703	 1.223327491	]
 [0.225319467	 0.225319467	 0.225319467	 -0.277270317	 -0.277270317	 -0.277270317	 1.383026540	 1.383026540	 1.383026540	 -0.864429436	 -0.864429436	 -0.864429436	 -0.474915134	]
 [0.225319467	 0.225319467	 0.225319467	 -0.277270317	 -0.277270317	 -0.277270317	 1.383026540	 1.383026540	 1.383026540	 -0.864429436	 -0.864429436	 -0.864429436	 -0.474915134	]
 [0.225319467	 0.225319467	 0.225319467	 -0.277270317	 -0.277270317	 -0.277270317	 1.383026540	 1.383026540	 1.383026540	 -0.864429436	 -0.864429436	 -0.864429436	 -0.474915134	]
 [-0.042078881	 -0.042078881	 -0.042078881	 1.418913703	 1.418913703	 1.418913703	 -0.864429436	 -0.864429436	 -0.864429436	 2.844645146	 2.844645146	 2.844645146	 1.687849348	]
 [-0.042078881	 -0.042078881	 -0.042078881	 1.418913703	 1.418913703	 1.418913703	 -0.864429436	 -0.864429436	 -0.864429436	 2.844645146	 2.844645146	 2.844645146	 1.687849348	]
 [-0.042078881	 -0.042078881	 -0.042078881	 1.418913703	 1.418913703	 1.418913703	 -0.864429436	 -0.864429436	 -0.864429436	 2.844645146	 2.844645146	 2.844645146	 1.687849348	]
 [0.089116246	 0.089116246	 0.089116246	 1.223327491	 1.223327491	 1.223327491	 -0.474915134	 -0.474915134	 -0.474915134	 1.687849348	 1.687849348	 1.687849348	 3.210895497	]]
[[0.000000000	 0.000000000	 0.000000000	 0.009429259	 0.009429259	 0.009429259	 0.365552792	 0.365552792	 0.365552792	 0.002850826	 0.002850826	 0.002850826	 0.137933872	]
 [0.000000000	 0.000000000	 0.000000000	 0.009429259	 0.009429259	 0.009429259	 0.365552792	 0.365552792	 0.365552792	 0.002850826	 0.002850826	 0.002850826	 0.137933872	]
 [0.000000000	 0.000000000	 0.000000000	 0.009429259	 0.009429259	 0.009429259	 0.365552792	 0.365552792	 0.365552792	 0.002850826	 0.002850826	 0.002850826	 0.137933872	]
 [0.009429259	 0.009429259	 0.009429259	 0.000000000	 0.000000000	 0.000000000	 0.492069247	 0.492069247	 0.492069247	 0.021008023	 0.021008023	 0.021008023	 0.168527447	]
 [0.009429259	 0.009429259	 0.009429259	 0.000000000	 0.000000000	 0.000000000	 0.492069247	 0.492069247	 0.492069247	 0.021008023	 0.021008023	 0.021008023	 0.168527447	]
 [0.009429259	 0.009429259	 0.009429259	 0.000000000	 0.000000000	 0.000000000	 0.492069247	 0.492069247	 0.492069247	 0.021008023	 0.021008023	 0.021008023	 0.168527447	]
 [0.365552792	 0.365552792	 0.365552792	 0.492069247	 0.492069247	 0.492069247	 0.000000000	 0.000000000	 0.000000000	 0.311589625	 0.311589625	 0.311589625	 0.339759013	]
 [0.365552792	 0.365552792	 0.365552792	 0.492069247	 0.492069247	 0.492069247	 0.000000000	 0.000000000	 0.000000000	 0.311589625	 0.311589625	 0.311589625	 0.339759013	]
 [0.365552792	 0.365552792	 0.365552792	 0.492069247	 0.492069247	 0.492069247	 0.000000000	 0.000000000	 0.000000000	 0.311589625	 0.311589625	 0.311589625	 0.339759013	]
 [0.002850826	 0.002850826	 0.002850826	 0.021008023	 0.021008023	 0.021008023	 0.311589625	 0.311589625	 0.311589625	 0.000000000	 0.000000000	 0.000000000	 0.110518106	]
 [0.002850826	 0.002850826	 0.002850826	 0.021008023	 0.021008023	 0.021008023	 0.311589625	 0.311589625	 0.311589625	 0.000000000	 0.000000000	 0.000000000	 0.110518106	]
 [0.002850826	 0.002850826	 0.002850826	 0.021008023	 0.021008023	 0.021008023	 0.311589625	 0.311589625	 0.311589625	 0.000000000	 0.000000000	 0.000000000	 0.110518106	]
 [0.137933872	 0.137933872	 0.137933872	 0.168527447	 0.168527447	 0.168527447	 0.339759013	 0.339759013	 0.339759013	 0.110518106	 0.110518106	 0.110518106	 0.000000000	]]
0.37395906894323394
[[0.000000067	 0.000000000	 0.000000000	 0.000000000	 0.000000000	]
 [-0.000000007	 0.000000000	 0.000000000	 0.000000000	 0.000000000	]
 [0.000000450	 0.000000000	 0.000000000	 0.000000000	 0.000000000	]
 [-0.000002334	 0.038168792	 0.000000000	 0.000000000	 0.000000000	]
 [0.000008995	 0.038132121	 0.000000000	 0.000000000	 0.000000000	]
 [0.000000000	 0.038168340	 0.000000000	 0.000000000	 0.000000000	]
 [0.000000001	 0.107453999	 1.089381669	 0.000000000	 0.000000000	]
 [-0.000000001	 -0.032371533	 -0.649933394	 0.000000000	 0.000000000	]
 [0.000000059	 -0.032371651	 -0.649933335	 0.000000000	 0.000000000	]
 [0.570029160	 0.502558347	 0.709326825	 -0.659109947	 0.000000000	]
 [0.039240681	 -0.100054511	 0.423783714	 0.187229888	 0.000000000	]
 [-0.000000000	 0.035770316	 0.442047267	 0.172063709	 0.000000000	]
 [0.000000000	 0.034217160	 0.307146727	 0.105703162	 0.206420208	]]

ANS:
0.37395906894323394
w:
[0.000000000     0.006378525     0.004017224     0.033949815     0.373096075    ]
A:
[[0.000000000    0.000000000     0.000000000     0.000000000     0.000000000     0.000000000     0.000000000     0.000000000     0.000000000     0.000000000     0.000000000     0.000000000    ]
 [0.016823611    0.064284975     0.000129175     0.000000000     0.000000000     0.000000000     0.000000000     0.000000000     0.000000000     0.000000000     0.000000000     0.000000000    ]
 [-0.032315774   -0.123482331    -0.000248127    0.000039897     0.000002217     0.508871510     0.000000000     0.000000000     0.000000000     0.000000000     0.000000000     0.000000000    ]
 [-0.023080090   -0.088191708    -0.000177214    0.000037853     0.000002104     0.482794150     0.031393420     -0.198610271    -0.003826507    0.000000000     0.000000000     0.000000000    ]
 [-0.003781342   -0.014448947    -0.000029034    0.000020600     0.000001145     0.262744997     0.019870394     -0.058076220    -0.001118920    0.000000000     0.000000000     0.401893526    ]]
r2:      0.14929238695408886
K:       3.2108954966739742
X / XN:
[-2.041449908    -2.041449908    -2.041449908    0.966249006     0.966248682     0.966249002     2.983897110     -0.750853421    -0.750853547    1.061222519    ]












4
0.6915579482296691
[2.5, 2.5, 2.5, 2.5]
[0, 3, 6, 9, 12, 13]
[1.066130675	 0.957822740	 0.476046585	 1.574181089	 0.641944818	 0.283874094	 0.109023860	 2.140210950	 0.250765189	 2.500000000	 0.000000000	 0.000000000	]
[[0.669952352	 0.669952352	 0.669952352	 -0.131110687	 -0.131110687	 -0.131110687	 -0.210695848	 -0.210695848	 -0.210695848	 0.090428993	 0.090428993	 0.090428993	 -0.031950634	]
 [0.669952352	 0.669952352	 0.669952352	 -0.131110687	 -0.131110687	 -0.131110687	 -0.210695848	 -0.210695848	 -0.210695848	 0.090428993	 0.090428993	 0.090428993	 -0.031950634	]
 [0.669952352	 0.669952352	 0.669952352	 -0.131110687	 -0.131110687	 -0.131110687	 -0.210695848	 -0.210695848	 -0.210695848	 0.090428993	 0.090428993	 0.090428993	 -0.031950634	]
 [-0.131110687	 -0.131110687	 -0.131110687	 0.817071315	 0.817071315	 0.817071315	 0.660328376	 0.660328376	 0.660328376	 0.305047704	 0.305047704	 0.305047704	 0.012923024	]
 [-0.131110687	 -0.131110687	 -0.131110687	 0.817071315	 0.817071315	 0.817071315	 0.660328376	 0.660328376	 0.660328376	 0.305047704	 0.305047704	 0.305047704	 0.012923024	]
 [-0.131110687	 -0.131110687	 -0.131110687	 0.817071315	 0.817071315	 0.817071315	 0.660328376	 0.660328376	 0.660328376	 0.305047704	 0.305047704	 0.305047704	 0.012923024	]
 [-0.210695848	 -0.210695848	 -0.210695848	 0.660328376	 0.660328376	 0.660328376	 1.000144589	 1.000144589	 1.000144589	 0.487304759	 0.487304759	 0.487304759	 -0.030611632	]
 [-0.210695848	 -0.210695848	 -0.210695848	 0.660328376	 0.660328376	 0.660328376	 1.000144589	 1.000144589	 1.000144589	 0.487304759	 0.487304759	 0.487304759	 -0.030611632	]
 [-0.210695848	 -0.210695848	 -0.210695848	 0.660328376	 0.660328376	 0.660328376	 1.000144589	 1.000144589	 1.000144589	 0.487304759	 0.487304759	 0.487304759	 -0.030611632	]
 [0.090428993	 0.090428993	 0.090428993	 0.305047704	 0.305047704	 0.305047704	 0.487304759	 0.487304759	 0.487304759	 0.866740748	 0.866740748	 0.866740748	 0.175592578	]
 [0.090428993	 0.090428993	 0.090428993	 0.305047704	 0.305047704	 0.305047704	 0.487304759	 0.487304759	 0.487304759	 0.866740748	 0.866740748	 0.866740748	 0.175592578	]
 [0.090428993	 0.090428993	 0.090428993	 0.305047704	 0.305047704	 0.305047704	 0.487304759	 0.487304759	 0.487304759	 0.866740748	 0.866740748	 0.866740748	 0.175592578	]
 [-0.031950634	 -0.031950634	 -0.031950634	 0.012923024	 0.012923024	 0.012923024	 -0.030611632	 -0.030611632	 -0.030611632	 0.175592578	 0.175592578	 0.175592578	 0.409084335	]]
[[0.000000000	 0.000000000	 0.000000000	 2.135739742	 2.135739742	 2.135739742	 7.074988434	 7.074988434	 7.074988434	 0.826500123	 0.826500123	 0.826500123	 0.353326403	]
 [0.000000000	 0.000000000	 0.000000000	 2.135739742	 2.135739742	 2.135739742	 7.074988434	 7.074988434	 7.074988434	 0.826500123	 0.826500123	 0.826500123	 0.353326403	]
 [0.000000000	 0.000000000	 0.000000000	 2.135739742	 2.135739742	 2.135739742	 7.074988434	 7.074988434	 7.074988434	 0.826500123	 0.826500123	 0.826500123	 0.353326403	]
 [2.135739742	 2.135739742	 2.135739742	 0.000000000	 0.000000000	 0.000000000	 14.709121354	 14.709121354	 14.709121354	 1.006362440	 1.006362440	 1.006362440	 4.084850043	]
 [2.135739742	 2.135739742	 2.135739742	 0.000000000	 0.000000000	 0.000000000	 14.709121354	 14.709121354	 14.709121354	 1.006362440	 1.006362440	 1.006362440	 4.084850043	]
 [2.135739742	 2.135739742	 2.135739742	 0.000000000	 0.000000000	 0.000000000	 14.709121354	 14.709121354	 14.709121354	 1.006362440	 1.006362440	 1.006362440	 4.084850043	]
 [7.074988434	 7.074988434	 7.074988434	 14.709121354	 14.709121354	 14.709121354	 0.000000000	 0.000000000	 0.000000000	 8.104713499	 8.104713499	 8.104713499	 4.490218752	]
 [7.074988434	 7.074988434	 7.074988434	 14.709121354	 14.709121354	 14.709121354	 0.000000000	 0.000000000	 0.000000000	 8.104713499	 8.104713499	 8.104713499	 4.490218752	]
 [7.074988434	 7.074988434	 7.074988434	 14.709121354	 14.709121354	 14.709121354	 0.000000000	 0.000000000	 0.000000000	 8.104713499	 8.104713499	 8.104713499	 4.490218752	]
 [0.826500123	 0.826500123	 0.826500123	 1.006362440	 1.006362440	 1.006362440	 8.104713499	 8.104713499	 8.104713499	 0.000000000	 0.000000000	 0.000000000	 1.621245076	]
 [0.826500123	 0.826500123	 0.826500123	 1.006362440	 1.006362440	 1.006362440	 8.104713499	 8.104713499	 8.104713499	 0.000000000	 0.000000000	 0.000000000	 1.621245076	]
 [0.826500123	 0.826500123	 0.826500123	 1.006362440	 1.006362440	 1.006362440	 8.104713499	 8.104713499	 8.104713499	 0.000000000	 0.000000000	 0.000000000	 1.621245076	]
 [0.353326403	 0.353326403	 0.353326403	 4.084850043	 4.084850043	 4.084850043	 4.490218752	 4.490218752	 4.490218752	 1.621245076	 1.621245076	 1.621245076	 0.000000000	]]
0.20666325902312876
[[-0.685018472	 0.000000000	 0.000000000	 0.000000000	 0.000000000	]
 [1.129077349	 0.000000000	 0.000000000	 0.000000000	 0.000000000	]
 [1.129077349	 0.000000000	 0.000000000	 0.000000000	 0.000000000	]
 [0.610884772	 1.026655693	 0.000000000	 0.000000000	 0.000000000	]
 [-0.776424136	 0.052930534	 0.000000000	 0.000000000	 0.000000000	]
 [1.572878143	 -0.211981044	 0.000000000	 0.000000000	 0.000000000	]
 [-0.242652371	 -0.286697748	 -0.050760894	 0.000000000	 0.000000000	]
 [-0.242652439	 -0.286697729	 -0.050760707	 0.000000000	 0.000000000	]
 [0.963795968	 1.065301351	 0.188646270	 0.000000000	 0.000000000	]
 [0.501207742	 0.771421496	 0.129764284	 0.141415717	 0.000000000	]
 [-0.302595627	 -1.197381022	 -0.392559441	 -0.460216514	 0.000000000	]
 [-0.977103017	 0.384003132	 -0.273947477	 -0.413142416	 0.000000000	]
 [0.508152212	 0.532108887	 0.094055135	 0.102388296	 0.361759145	]]

ANS:
0.20666325902312876
w:
[0.000000000     0.051333109     0.033083913     0.709200676     1.616823402    ]
A:
[[0.000000000    0.000000000     0.000000000     0.000000000     0.000000000     0.000000000     0.000000000     0.000000000     0.000000000     0.000000000     0.000000000     0.000000000    ]
 [-0.094625209   0.098295903     0.048853955     0.000000000     0.000000000     0.000000000     0.000000000     0.000000000     0.000000000     0.000000000     0.000000000     0.000000000    ]
 [-0.093205711   0.098157390     0.048785112     0.031002179     0.002354760     -0.004835928    0.000000000     0.000000000     0.000000000     0.000000000     0.000000000     0.000000000    ]
 [-0.095826144   0.096811495     0.048116191     0.036298389     0.007951946     -0.003861505    -0.001733617    -0.034032057    0.008552659     0.000000000     0.000000000     0.000000000    ]
 [-0.094968936   0.079300893     0.039413263     -0.019186079    0.011521516     -0.004938131    -0.003316869    -0.065112337    0.005752585     0.208979396     -0.000000000    0.000000000    ]]
r2:      0.6915579482296691
K:       0.40908433488741214
X / XN:
[-1.348057634    2.221927460     2.221927460     1.202168833     -1.527936027    3.095289497     -0.477519242    -0.477519230    1.896667818     0.986333872    ]






5
0.1
10.0
[0, 2, 4, 6, 8, 10, 11]
[0.968076638	 0.062269954	 1.334990935	 0.262876836	 0.359671493	 1.742359893	 2.168514186	 0.423168114	 0.281423345	 2.396648607	]
[[0.004943762	 0.004943762	 0.004943762	 0.004943762	 0.004943762	 0.004943762	 0.004943762	 0.004943762	 0.004943762	 0.004943762	 0.004943762	]
 [0.004943762	 0.004943762	 0.004943762	 0.004943762	 0.004943762	 0.004943762	 0.004943762	 0.004943762	 0.004943762	 0.004943762	 0.004943762	]
 [0.004943762	 0.004943762	 0.004943762	 0.004943762	 0.004943762	 0.004943762	 0.004943762	 0.004943762	 0.004943762	 0.004943762	 0.004943762	]
 [0.004943762	 0.004943762	 0.004943762	 0.004943762	 0.004943762	 0.004943762	 0.004943762	 0.004943762	 0.004943762	 0.004943762	 0.004943762	]
 [0.004943762	 0.004943762	 0.004943762	 0.004943762	 0.004943762	 0.004943762	 0.004943762	 0.004943762	 0.004943762	 0.004943762	 0.004943762	]
 [0.004943762	 0.004943762	 0.004943762	 0.004943762	 0.004943762	 0.004943762	 0.004943762	 0.004943762	 0.004943762	 0.004943762	 0.004943762	]
 [0.004943762	 0.004943762	 0.004943762	 0.004943762	 0.004943762	 0.004943762	 0.004943762	 0.004943762	 0.004943762	 0.004943762	 0.004943762	]
 [0.004943762	 0.004943762	 0.004943762	 0.004943762	 0.004943762	 0.004943762	 0.004943762	 0.004943762	 0.004943762	 0.004943762	 0.004943762	]
 [0.004943762	 0.004943762	 0.004943762	 0.004943762	 0.004943762	 0.004943762	 0.004943762	 0.004943762	 0.004943762	 0.004943762	 0.004943762	]
 [0.004943762	 0.004943762	 0.004943762	 0.004943762	 0.004943762	 0.004943762	 0.004943762	 0.004943762	 0.004943762	 0.004943762	 0.004943762	]
 [0.004943762	 0.004943762	 0.004943762	 0.004943762	 0.004943762	 0.004943762	 0.004943762	 0.004943762	 0.004943762	 0.004943762	 0.004943762	]]
[[0.000000000	 0.000000000	 0.000000000	 0.000000000	 0.000000000	 0.000000000	 0.000000000	 0.000000000	 0.000000000	 0.000000000	 0.000000000	]
 [0.000000000	 0.000000000	 0.000000000	 0.000000000	 0.000000000	 0.000000000	 0.000000000	 0.000000000	 0.000000000	 0.000000000	 0.000000000	]
 [0.000000000	 0.000000000	 0.000000000	 0.000000000	 0.000000000	 0.000000000	 0.000000000	 0.000000000	 0.000000000	 0.000000000	 0.000000000	]
 [0.000000000	 0.000000000	 0.000000000	 0.000000000	 0.000000000	 0.000000000	 0.000000000	 0.000000000	 0.000000000	 0.000000000	 0.000000000	]
 [0.000000000	 0.000000000	 0.000000000	 0.000000000	 0.000000000	 0.000000000	 0.000000000	 0.000000000	 0.000000000	 0.000000000	 0.000000000	]
 [0.000000000	 0.000000000	 0.000000000	 0.000000000	 0.000000000	 0.000000000	 0.000000000	 0.000000000	 0.000000000	 0.000000000	 0.000000000	]
 [0.000000000	 0.000000000	 0.000000000	 0.000000000	 0.000000000	 0.000000000	 0.000000000	 0.000000000	 0.000000000	 0.000000000	 0.000000000	]
 [0.000000000	 0.000000000	 0.000000000	 0.000000000	 0.000000000	 0.000000000	 0.000000000	 0.000000000	 0.000000000	 0.000000000	 0.000000000	]
 [0.000000000	 0.000000000	 0.000000000	 0.000000000	 0.000000000	 0.000000000	 0.000000000	 0.000000000	 0.000000000	 0.000000000	 0.000000000	]
 [0.000000000	 0.000000000	 0.000000000	 0.000000000	 0.000000000	 0.000000000	 0.000000000	 0.000000000	 0.000000000	 0.000000000	 0.000000000	]
 [0.000000000	 0.000000000	 0.000000000	 0.000000000	 0.000000000	 0.000000000	 0.000000000	 0.000000000	 0.000000000	 0.000000000	 0.000000000	]]
0.06821023106770945
[[0.857929428	 0.000000000	 0.000000000	 0.000000000	 0.000000000	 0.000000000	]
 [-1.040331975	 0.000000000	 0.000000000	 0.000000000	 0.000000000	 0.000000000	]
 [0.412770519	 0.744258167	 0.000000000	 0.000000000	 0.000000000	 0.000000000	]
 [-0.522631110	 -0.837707459	 0.000000000	 0.000000000	 0.000000000	 0.000000000	]
 [-0.329887253	 -0.521864374	 -0.728922929	 0.000000000	 0.000000000	 0.000000000	]
 [0.272361062	 0.432680157	 0.663326521	 0.000000000	 0.000000000	 0.000000000	]
 [0.213038608	 0.322500856	 0.422112181	 0.601508424	 0.000000000	 0.000000000	]
 [-0.236483554	 -0.372347397	 -0.502553851	 -0.656984663	 0.000000000	 0.000000000	]
 [-0.180386314	 -0.285380567	 -0.383637352	 -0.488671873	 -0.625621653	 0.000000000	]
 [0.183419283	 0.272578548	 0.338209105	 0.407569171	 0.570383806	 0.000000000	]
 [0.095476601	 0.135578260	 0.153658470	 0.152336324	 0.132025013	 0.090856308	]]

ANS:
0.06821023106770945
w:
[0.000000000     1.082540350     0.436004614     0.288777229     0.265466280     0.712237891    ]
A:
[[0.000000000    0.000000000     0.000000000     0.000000000     0.000000000     0.000000000     0.000000000     0.000000000     0.000000000     0.000000000    ]
 [0.037830896    -0.002433565    0.000000000     0.000000000     0.000000000     0.000000000     0.000000000     0.000000000     0.000000000     0.000000000    ]
 [0.026693574    -0.001752021    0.074074156     -0.014200510    0.000000000     0.000000000     0.000000000     0.000000000     0.000000000     0.000000000    ]
 [0.019787139    -0.001274922    0.049904799     -0.010027978    -0.021385144    0.108908526     0.000000000     0.000000000     0.000000000     0.000000000    ]
 [0.015436680    -0.000965527    0.036673063     -0.007471755    -0.015062362    0.072033798     0.133991163     -0.024607404    0.000000000     0.000000000    ]
 [0.013027045    -0.000802791    0.029827791     -0.006188996    -0.012169220    0.055389425     0.092225528     -0.018788967    -0.015998540    0.136246264    ]]
r2:      0.1
K:       0.004943761580629147
X / XN:
[8.985755837     -10.896198207   4.323263640     -5.473918235    -3.455163356    2.852647229     2.231317455     -2.476874428    -1.889324851    1.921091454    ]


