r2 = 0.1
K = 0.004943762


[8.017427679     1.982572321    ]
[3.215139927     0.853580904     4.917118310     1.014160859    ]
[1.858393399     0.411562063     0.657756557     2.830718931     0.612191744     3.629377306    ]
[1.277321170     0.191573102     1.847561358     0.409978723     0.512609072     2.470186432     2.884535311     0.406234832    ]
[0.968076638	 0.062269954	 1.334990935	 0.262876836	 0.359671493	 1.742359893	 2.168514186	 0.423168114	 0.281423345	 2.396648607	]
[0.766154217     0.000000000     1.033813143     0.165057905     1.309967953     0.257453910     1.619159538     0.316933558     1.919571434     0.364226743     2.051434846     0.196226752  ]
[0.603859549     0.000000001     0.844339724     0.090910472     1.034686754     0.186951048     1.256775174     0.240626645     1.497730624     0.283742072     1.712173756     0.322052461   1.793056714     0.133095006    ]
[0.488977677     0.000000000     0.714450986     0.036564741     0.848099767     0.136613963	 1.013260285     0.185957619     1.195539015     0.223891519     1.386567735     0.258169930   1.540980182     0.290563526     1.595661644     0.084701411    ]
[0.340409109     0.000000000     0.525525532     0.000000000     0.624749257     0.058231968     0.715903026     0.114007952     0.825432433     0.145568234     0.945206988     0.171649554   1.072849881     0.196040235     1.195890206     0.220788821     1.275433619     0.245420520     1.312803957     0.014088708    ]
[0.170647701     0.000000000     0.275466298     0.000000000     0.353731455     0.000000000     0.418444936     0.000000000     0.438817781     0.055051926     0.485922912     0.072519938   0.535399514     0.087689054     0.588420376     0.100857347     0.645079968     0.113067955     0.704853036     0.125092299     0.765825165     0.137524669     0.823274004  0.150707851      0.867171360     0.164466080     0.911465153     0.117164309     0.891338910     0.000000000    ]
[0.102794166     0.000000000     0.171614136     0.000000000     0.223845242     0.000000000     0.267052316     0.000000000     0.304641086     0.000000000     0.325089746     0.018764805   0.341228583     0.042971789     0.367643400     0.053419154     0.395639298     0.062292499     0.425242756     0.070198066     0.456523800     0.077539071     0.489477897  0.084621722      0.523915892     0.091706202     0.559308614     0.099012234     0.594527216     0.106726937     0.627455055     0.114956388     0.654344029     0.123674544     0.668897290   0.132589788     0.720770448     0.032522936     0.668992895     0.000000000    ]
[0.068523505     0.000000000     0.117423783     0.000000000     0.155318328     0.000000000     0.186778127     0.000000000     0.214149543     0.000000000     0.238712583     0.000000000   0.261110397     0.000000000     0.262641573     0.027205800     0.278272102     0.035811436     0.295435596     0.042398217     0.313433929     0.048193660     0.332278651  0.053457367      0.352022480     0.058355544     0.372652556     0.063085118     0.394212220     0.067671220     0.416547425     0.072363045     0.439549707     0.077096118     0.462770111   0.082082325     0.485542756     0.087405739     0.506932641     0.092911698     0.525020092     0.098937982     0.537469790     0.105003908     0.552772919     0.091309729  0.591867077      0.000000000     0.535273202     0.000000000    ]
[0.048970502     0.000000000     0.085636769     0.000000000     0.114640971     0.000000000     0.138877661     0.000000000     0.159969837     0.000000000     0.178857182     0.000000000   0.196126951     0.000000000     0.212116442     0.000000000     0.219750448     0.009923420     0.223313688     0.025454402     0.234814604     0.030634891     0.246841901  0.035168771      0.259363916     0.039247186     0.272380645     0.042997398     0.285915920     0.046521176     0.300014250     0.049875362     0.314635840     0.053194164     0.329838276   0.056366399     0.345434494     0.059753125     0.361582868     0.062963480     0.377798740     0.066584715     0.394221140     0.070065968     0.410007511     0.074044931  0.425024248      0.077973011     0.437988412     0.082320956     0.447956000     0.086714397     0.453043724     0.091251460     0.485055998     0.040415932     0.491294372     0.000000000   0.447055541     0.000000000    ]

[0.247282844]
[0.265487949, 0.206251059]
[0.221461217, 0.232363782, 0.168676798]
[0.149980370, 0.221902629, 0.207518374, 0.140831984]
[0.064323372, 0.196912825, 0.206427785, 0.195141963, 0.117423699]
[0.000000000, 0.159659322, 0.196534510, 0.195739549, 0.189743782, 0.095653417]
[0.000000000, 0.107670490, 0.180683716, 0.191463557]

n = 1:  1.982572321
n = 2:  1.867741763
n = 3:  1.681510364
n = 4:  1.520395729
n = 5:  1.389409742
n = 6:  1.299898868
n = 7:  1.257377704
n = 8:  1.216462709

n = 10: 1.165795992

n = 15: 1.124141428

n = 20: 1.110996135

n = 25: 1.103288906

n = 30: 1.101471144


0.009
[2.127904997     0.146225727     3.045893036     0.449970110     0.452096055     3.777910074    ]
[[0.772190417    0.000000000     0.000000000     0.000000000    ]
 [-1.064364083   0.000000000     0.000000000     0.000000000    ]
 [0.356219397    0.692369387     0.000000000     0.000000000    ]
 [-0.484497654   -0.862462999    0.000000000     0.000000000    ]
 [-0.288178880   -0.514203651    -0.764724681    0.000000000    ]
 [0.253854149    0.411528544     0.629451718     0.000000000    ]
 [0.130145691    0.183755901     0.181602512     0.127735647    ]]

0.008
[2.065254450     0.207383191     2.996275340     0.497656224     0.489024516     3.744406280    ]
[[0.784279696    0.000000000     0.000000000     0.000000000    ]
 [-1.046252364   0.000000000     0.000000000     0.000000000    ]
 [0.362818249    0.697540212     0.000000000     0.000000000    ]
 [-0.475838127   -0.853275563    0.000000000     0.000000000    ]
 [-0.284110045   -0.505963601    -0.760021422    0.000000000    ]
 [0.258162031    0.415141188     0.632141768     0.000000000    ]
 [0.130776497    0.183663084     0.181371329     0.127553207    ]]

0.007
[0.271258042     2.000145862     0.547577168     2.944492855     0.527566005     3.708960068    ]
[[-1.028195305   0.000000000     0.000000000     0.000000000    ]
 [0.796648011    0.000000000     0.000000000     0.000000000    ]
 [-0.467035949   -0.844003343    0.000000000     0.000000000    ]
 [0.369493929    0.702931858     0.000000000     0.000000000    ]
 [-0.279858589   -0.497721488    -0.755173276    0.000000000    ]
 [0.262476298    0.418908927     0.634966410     0.000000000    ]
 [0.131347896    0.183580419     0.181159595     0.127385875    ]]

0.006
[1.932541795     0.337950657     2.890429859     0.599851447     0.567792534     3.671433708    ]
[[0.809318829    0.000000000     0.000000000     0.000000000    ]
 [-1.010179347   0.000000000     0.000000000     0.000000000    ]
 [0.376249606    0.708560270     0.000000000     0.000000000    ]
 [-0.458086641   -0.834642148    0.000000000     0.000000000    ]
 [-0.275419116   -0.489474897    -0.750179659    0.000000000    ]
 [0.266794031    0.422842359     0.637934541     0.000000000    ]
 [0.131857642    0.183508446     0.180968353     0.127234696    ]]

0.005
[1.862412862     0.407558805     0.654601512     2.833967878     0.609776923     3.631682020    ]
[[0.822317044    0.000000000     0.000000000     0.000000000    ]
 [-0.992191519   0.000000000     0.000000000     0.000000000    ]
 [-0.448986066   -0.825187744    0.000000000     0.000000000    ]
 [0.383088459    0.714442600     0.000000000     0.000000000    ]
 [-0.270786557   -0.481221278    -0.745040026    0.000000000    ]
 [0.271111838    0.426952846     0.641055698     0.000000000    ]
 [0.132303334    0.183447685     0.180798685     0.127100787    ]]

0.004
[1.789739430     0.480175652     0.711952754     2.774987429     0.653592419     3.589552316    ]
[[0.835669075    0.000000000     0.000000000     0.000000000    ]
 [-0.974219494   0.000000000     0.000000000     0.000000000    ]
 [-0.439730432   -0.815635858    0.000000000     0.000000000    ]
 [0.390013683    0.720597216     0.000000000     0.000000000    ]
 [-0.265956169   -0.472958221    -0.739753754    0.000000000    ]
 [0.275425791    0.431252582     0.644340098     0.000000000    ]
 [0.132682408    0.183398624     0.180651728     0.126985339    ]]

0.003
[1.714513743     0.555887576     2.713368671     0.772032875     0.699311513     3.544885622    ]
[[0.849402950    0.000000000     0.000000000     0.000000000    ]
 [-0.956251597   0.000000000     0.000000000     0.000000000    ]
 [0.397028381    0.727043870     0.000000000     0.000000000    ]
 [-0.430316337   -0.805982227    0.000000000     0.000000000    ]
 [-0.260923571   -0.464683257    -0.734320320    0.000000000    ]
 [0.279731314    0.435754632     0.647798670     0.000000000    ]
 [0.132992122    0.183361716     0.180528666     0.126889627    ]]

0.002
[1.636742088     0.634771384     0.834970478     2.648993528     0.747005101     3.497517421    ]
[[0.863548419    0.000000000     0.000000000     0.000000000    ]
 [-0.938276844   0.000000000     0.000000000     0.000000000    ]
 [-0.420740817   -0.796222671    0.000000000     0.000000000    ]
 [0.404135532    0.733803721     0.000000000     0.000000000    ]
 [-0.255684773   -0.456393961    -0.728739296    0.000000000    ]
 [0.284023093    0.440472968     0.651443086     0.000000000    ]
 [0.133229551    0.183337358     0.180430737     0.126815018    ]]

0.001
[1.556447287     0.716891159     2.581747732     0.900893535     0.796741183     3.447279104    ]
[[0.878137047    0.000000000     0.000000000     0.000000000    ]
 [-0.920284970   0.000000000     0.000000000     0.000000000    ]
 [0.411337918    0.740899423     0.000000000     0.000000000    ]
 [-0.411001406   -0.786353147    0.000000000     0.000000000    ]
 [-0.250236226   -0.448087952    -0.723010416    0.000000000    ]
 [0.288294957    0.445422508     0.655285786     0.000000000    ]
 [0.133391571    0.183325890     0.180359238     0.126762977    ]]

0.000
[1.473671402     0.802294566     0.969927479     2.511523363     0.848583405     3.393999784    ]
[[0.893202304    0.000000000     0.000000000     0.000000000    ]
 [-0.902266479   0.000000000     0.000000000     0.000000000    ]
 [-0.401096217   -0.776369819    0.000000000     0.000000000    ]
 [0.418638033    0.748355187     0.000000000     0.000000000    ]
 [-0.244574892   -0.439762904    -0.717133641    0.000000000    ]
 [0.292539746    0.450619136     0.659339993     0.000000000    ]
 [0.133474853    0.183327567     0.180315519     0.126735079    ]]
